51
0
25
47
66
95
119
144
174
196
224
248
278
304
322
348
376
398
418
446
468
495
523
542
564
581
603
628
647
669
697
720
749
772
796
816
843
869
889
911
940
963
988
1016
1042
1063
1091
1119
1149
1170
1198
1224
1224
3
4
5
7
10
11
12
13
14
16
17
18
22
25
27
29
30
32
34
35
36
37
42
45
47
2
3
9
10
11
12
14
17
19
22
28
30
32
33
35
37
39
41
43
45
46
49
1
3
11
12
14
21
22
23
26
33
38
40
41
42
43
45
46
48
49
0
1
2
5
8
10
13
14
15
16
17
18
19
20
22
25
27
28
30
31
33
37
38
39
40
41
43
48
49
0
5
6
8
10
14
15
16
23
24
28
29
31
34
35
37
38
41
42
45
46
47
48
49
0
3
4
6
7
9
10
14
15
18
19
20
22
27
28
29
30
32
38
39
40
42
43
45
47
4
5
7
8
9
10
13
18
19
21
22
26
27
28
29
30
32
33
34
36
37
39
41
43
44
45
46
47
48
49
0
5
6
8
9
10
14
15
16
17
18
28
30
31
32
38
39
41
42
45
47
49
3
4
6
7
9
10
11
15
16
17
20
21
22
23
24
25
28
30
31
32
34
35
39
40
42
43
44
46
1
5
6
7
8
10
14
17
19
23
24
25
26
27
29
34
36
39
41
42
43
44
48
49
0
1
3
4
5
6
7
8
9
12
13
17
20
25
26
27
30
34
35
36
37
38
39
40
42
43
46
47
48
49
0
1
2
8
13
14
17
18
20
21
22
27
29
30
31
32
34
35
36
38
41
43
44
46
47
48
0
1
2
10
13
17
20
24
25
29
34
35
36
38
41
42
47
48
0
3
6
10
11
12
15
17
24
25
27
28
29
30
31
34
35
37
38
39
43
44
46
47
48
49
0
1
2
3
4
5
7
9
11
15
17
18
20
21
23
24
26
30
33
34
38
39
40
41
42
45
46
49
3
4
5
7
8
13
14
17
19
26
27
28
34
35
37
39
41
43
44
47
48
49
0
3
4
7
8
17
18
20
23
25
28
29
30
31
33
36
40
41
44
46
0
1
3
7
8
9
10
11
12
13
14
15
16
18
22
25
27
28
29
30
32
35
38
40
44
45
47
48
0
3
5
6
7
11
14
16
17
20
25
27
29
30
34
35
36
37
38
39
44
46
1
3
5
6
9
15
21
23
24
25
26
28
29
30
31
32
33
37
38
39
40
43
44
45
47
48
49
3
5
8
10
11
12
14
16
18
22
24
25
28
29
30
31
34
35
37
38
39
41
43
44
45
46
47
49
2
6
8
11
14
19
25
28
29
30
33
34
35
38
40
42
44
45
49
0
1
2
3
5
6
8
11
17
20
25
29
30
31
32
33
34
35
38
40
44
46
2
4
8
9
14
16
19
26
28
31
32
38
40
41
43
47
49
4
8
9
12
13
14
19
20
25
26
27
28
33
34
39
40
42
43
44
46
48
49
0
3
8
9
10
12
13
16
17
18
19
20
21
22
24
27
30
31
35
38
39
40
44
45
46
2
6
9
10
14
15
19
23
24
32
33
34
37
38
41
42
45
46
48
0
3
5
6
9
10
11
13
15
17
18
24
25
29
30
32
36
39
41
44
45
48
1
3
4
5
6
7
8
13
15
16
17
19
20
21
23
24
29
31
32
33
34
36
37
38
42
44
46
48
0
4
5
6
9
11
12
13
16
17
18
19
20
21
22
27
28
31
34
35
36
38
45
0
1
3
5
6
7
8
10
11
13
14
16
17
18
19
20
21
22
25
27
35
37
39
41
43
44
46
47
48
3
4
7
8
11
13
16
19
20
22
23
25
28
29
32
37
41
42
45
46
47
48
49
0
1
5
6
7
8
11
17
19
22
23
26
27
28
31
33
35
36
38
40
41
42
45
46
1
2
3
6
14
16
19
21
22
24
26
28
32
40
42
44
45
46
48
49
0
4
6
8
9
10
11
12
13
14
15
18
20
21
22
24
26
28
29
36
37
41
42
43
44
46
47
0
1
4
8
10
11
12
13
15
17
18
20
21
22
25
29
30
32
36
40
41
42
43
45
46
48
0
6
9
10
11
12
16
18
27
28
29
32
34
35
40
41
42
44
45
46
0
1
3
4
6
10
13
15
18
19
20
26
28
30
31
34
39
40
44
47
48
49
2
3
4
5
7
10
11
12
13
14
17
18
19
20
21
22
23
25
26
28
29
32
41
42
43
44
45
48
49
1
3
5
6
7
8
9
10
13
14
15
18
19
20
24
25
27
30
37
42
46
48
49
2
3
5
8
10
14
16
17
19
21
22
23
24
25
32
33
35
36
37
41
44
45
46
47
48
1
2
3
4
6
7
9
11
12
14
15
16
20
23
26
27
30
31
32
34
35
36
38
40
44
45
48
49
0
2
4
5
7
8
9
10
12
14
21
24
26
28
31
32
33
34
35
36
38
39
43
44
46
49
1
2
3
5
6
8
9
10
11
13
15
19
20
23
24
30
34
35
38
42
49
6
8
9
11
13
15
16
17
18
19
20
21
22
24
25
27
28
30
33
34
36
37
38
40
41
42
48
49
0
1
2
4
5
6
7
14
17
19
20
21
25
26
27
29
31
32
33
35
36
38
40
41
46
47
48
49
1
2
4
6
8
10
11
13
14
16
18
20
22
24
25
26
28
30
31
32
33
34
35
36
39
40
42
45
47
48
0
4
5
6
7
10
11
12
13
15
17
19
20
23
30
31
34
37
40
45
46
2
3
4
6
9
10
11
12
13
15
17
19
24
26
27
28
30
31
33
35
37
38
39
40
41
44
45
46
1
2
3
4
6
7
9
10
13
14
15
19
20
21
23
24
31
33
37
38
39
41
42
43
44
45
1224
1
1
1
1
1
1
1
1
1
1
1
1
1
1
1
1
1
1
1
1
1
1
1
1
1
1
1
1
1
1
1
1
1
1
1
1
1
1
1
1
1
1
1
1
1
1
1
1
1
1
1
1
1
1
1
1
1
1
1
1
1
1
1
1
1
1
1
1
1
1
1
1
1
1
1
1
1
1
1
1
1
1
1
1
1
1
1
1
1
1
1
1
1
1
1
1
1
1
1
1
1
1
1
1
1
1
1
1
1
1
1
1
1
1
1
1
1
1
1
1
1
1
1
1
1
1
1
1
1
1
1
1
1
1
1
1
1
1
1
1
1
1
1
1
1
1
1
1
1
1
1
1
1
1
1
1
1
1
1
1
1
1
1
1
1
1
1
1
1
1
1
1
1
1
1
1
1
1
1
1
1
1
1
1
1
1
1
1
1
1
1
1
1
1
1
1
1
1
1
1
1
1
1
1
1
1
1
1
1
1
1
1
1
1
1
1
1
1
1
1
1
1
1
1
1
1
1
1
1
1
1
1
1
1
1
1
1
1
1
1
1
1
1
1
1
1
1
1
1
1
1
1
1
1
1
1
1
1
1
1
1
1
1
1
1
1
1
1
1
1
1
1
1
1
1
1
1
1
1
1
1
1
1
1
1
1
1
1
1
1
1
1
1
1
1
1
1
1
1
1
1
1
1
1
1
1
1
1
1
1
1
1
1
1
1
1
1
1
1
1
1
1
1
1
1
1
1
1
1
1
1
1
1
1
1
1
1
1
1
1
1
1
1
1
1
1
1
1
1
1
1
1
1
1
1
1
1
1
1
1
1
1
1
1
1
1
1
1
1
1
1
1
1
1
1
1
1
1
1
1
1
1
1
1
1
1
1
1
1
1
1
1
1
1
1
1
1
1
1
1
1
1
1
1
1
1
1
1
1
1
1
1
1
1
1
1
1
1
1
1
1
1
1
1
1
1
1
1
1
1
1
1
1
1
1
1
1
1
1
1
1
1
1
1
1
1
1
1
1
1
1
1
1
1
1
1
1
1
1
1
1
1
1
1
1
1
1
1
1
1
1
1
1
1
1
1
1
1
1
1
1
1
1
1
1
1
1
1
1
1
1
1
1
1
1
1
1
1
1
1
1
1
1
1
1
1
1
1
1
1
1
1
1
1
1
1
1
1
1
1
1
1
1
1
1
1
1
1
1
1
1
1
1
1
1
1
1
1
1
1
1
1
1
1
1
1
1
1
1
1
1
1
1
1
1
1
1
1
1
1
1
1
1
1
1
1
1
1
1
1
1
1
1
1
1
1
1
1
1
1
1
1
1
1
1
1
1
1
1
1
1
1
1
1
1
1
1
1
1
1
1
1
1
1
1
1
1
1
1
1
1
1
1
1
1
1
1
1
1
1
1
1
1
1
1
1
1
1
1
1
1
1
1
1
1
1
1
1
1
1
1
1
1
1
1
1
1
1
1
1
1
1
1
1
1
1
1
1
1
1
1
1
1
1
1
1
1
1
1
1
1
1
1
1
1
1
1
1
1
1
1
1
1
1
1
1
1
1
1
1
1
1
1
1
1
1
1
1
1
1
1
1
1
1
1
1
1
1
1
1
1
1
1
1
1
1
1
1
1
1
1
1
1
1
1
1
1
1
1
1
1
1
1
1
1
1
1
1
1
1
1
1
1
1
1
1
1
1
1
1
1
1
1
1
1
1
1
1
1
1
1
1
1
1
1
1
1
1
1
1
1
1
1
1
1
1
1
1
1
1
1
1
1
1
1
1
1
1
1
1
1
1
1
1
1
1
1
1
1
1
1
1
1
1
1
1
1
1
1
1
1
1
1
1
1
1
1
1
1
1
1
1
1
1
1
1
1
1
1
1
1
1
1
1
1
1
1
1
1
1
1
1
1
1
1
1
1
1
1
1
1
1
1
1
1
1
1
1
1
1
1
1
1
1
1
1
1
1
1
1
1
1
1
1
1
1
1
1
1
1
1
1
1
1
1
1
1
1
1
1
1
1
1
1
1
1
1
1
1
1
1
1
1
1
1
1
1
1
1
1
1
1
1
1
1
1
1
1
1
1
1
1
1
1
1
1
1
1
1
1
1
1
1
1
1
1
1
1
1
1
1
1
1
1
1
1
1
1
1
1
1
1
1
1
1
1
1
1
1
1
1
1
1
1
1
1
1
1
1
1
1
1
1
1
1
1
1
1
1
1
1
1
1
1
1
1
1
1
1
1
1
1
1
1
1
1
1
1
1
1
1
1
1
1
1
1
1
1
1
1
1
1
1
1
1
1
1
1
1
1
1
1
1
1
1
1
1
1
1
1
1
1
1
1
1
1
1
1
1
1
1
1
1
1
1
1
1
1
1
1
1
1
1
1
1
1
1
1
1
1
1
1
1
1
1
1
1
1
1
1
1
1
1
1
1
1
1
1
1
1
1
1
1
1
1
1
1
1
1
1
1
1
1
1
1
1
1
1
1
1
1
1
1
1
1
1
1
1
1
1
1
1
1
1
1
1
1
1
1
1
1
1
1
1
1
1
1
1
1
1
1
1
1
1
1
1
1
1
1
1
1
1
1
1
1
1
1
1
1
1
1
1
1
1
1
1
1
1
1
1
1
1
1
1
1
1
1
1
1
1
1
1
1
1
1
1
1
1
1
1
1
1
1
1
1
1
1
1
1
1
1
1
1
1
1
1
1
1
1
1
1
1
1
1
1
1
1
1
1
1
1
1
1
1
1
1
1
1
1
1
1
1
1
1
