41 128 128
0
5
13
18
30
36
41
44
48
50
53
59
61
64
66
68
70
75
78
83
85
86
89
92
95
97
99
102
104
106
108
111
113
115
116
118
120
122
124
126
128
1
5
8
24
32
0
2
4
5
13
23
28
35
1
3
6
21
29
2
12
15
16
17
18
27
29
30
34
37
38
1
7
13
14
23
26
0
1
9
24
35
2
21
36
4
14
26
31
0
32
5
10
25
9
11
19
20
25
33
10
19
3
16
34
1
4
4
7
3
18
3
12
17
22
39
3
16
22
3
15
27
30
37
10
11
10
2
6
36
16
17
39
1
4
28
0
5
9
10
4
7
31
3
18
1
23
2
3
3
18
38
7
26
0
8
10
3
12
1
5
6
21
3
18
3
30
16
22
1
1
1
1
1
1
1
1
1
1
1
1
1
1
1
1
1
1
1
1
1
1
1
1
1
1
1
1
1
1
1
1
1
1
1
1
1
1
1
1
1
1
1
1
1
1
1
1
1
1
1
1
1
1
1
1
1
1
1
1
1
1
1
1
1
1
1
1
1
1
1
1
1
1
1
1
1
1
1
1
1
1
1
1
1
1
1
1
1
1
1
1
1
1
1
1
1
1
1
1
1
1
1
1
1
1
1
1
1
1
1
1
1
1
1
1
1
1
1
1
1
1
1
1
1
1
1
1
