81 276 276
0
10
19
28
35
39
43
51
60
62
67
69
73
80
84
89
98
105
108
110
112
114
117
119
123
125
126
131
132
136
139
142
145
147
155
157
160
163
168
170
172
175
182
185
188
191
193
197
202
205
209
211
212
215
219
221
223
226
228
230
232
236
238
240
242
244
248
250
252
254
256
258
260
262
264
266
268
270
272
274
276
1
2
5
6
9
13
23
28
29
31
0
9
10
22
24
25
32
43
71
0
3
13
23
34
35
38
45
61
2
4
11
41
45
49
52
3
8
11
79
0
28
31
63
0
7
12
15
20
33
39
42
6
16
18
21
33
36
50
55
66
4
79
0
1
14
53
62
1
71
3
4
41
58
6
15
17
37
48
60
77
0
2
35
38
9
53
62
73
76
6
12
17
37
44
57
60
68
75
7
19
21
26
30
40
72
12
15
44
7
66
16
26
6
39
7
16
36
1
24
0
2
27
34
1
22
1
16
19
30
40
78
23
0
5
29
69
0
28
69
16
26
78
0
5
63
1
43
6
7
42
46
47
55
65
67
2
23
2
13
61
7
21
50
12
15
48
54
77
2
13
6
20
16
26
72
3
11
49
52
56
58
59
6
33
46
1
32
51
15
17
57
2
3
33
42
47
67
33
46
65
70
74
12
37
54
3
41
56
64
7
36
43
3
41
59
9
14
73
76
37
48
7
33
41
49
64
15
44
11
41
41
52
12
15
68
75
2
35
9
14
5
31
49
56
33
47
70
74
7
18
33
46
15
60
28
29
47
65
1
10
16
40
14
53
47
65
15
60
14
53
12
37
26
30
4
8
1
1
1
1
1
1
1
1
1
1
1
1
1
1
1
1
1
1
1
1
1
1
1
1
1
1
1
1
1
1
1
1
1
1
1
1
1
1
1
1
1
1
1
1
1
1
1
1
1
1
1
1
1
1
1
1
1
1
1
1
1
1
1
1
1
1
1
1
1
1
1
1
1
1
1
1
1
1
1
1
1
1
1
1
1
1
1
1
1
1
1
1
1
1
1
1
1
1
1
1
1
1
1
1
1
1
1
1
1
1
1
1
1
1
1
1
1
1
1
1
1
1
1
1
1
1
1
1
1
1
1
1
1
1
1
1
1
1
1
1
1
1
1
1
1
1
1
1
1
1
1
1
1
1
1
1
1
1
1
1
1
1
1
1
1
1
1
1
1
1
1
1
1
1
1
1
1
1
1
1
1
1
1
1
1
1
1
1
1
1
1
1
1
1
1
1
1
1
1
1
1
1
1
1
1
1
1
1
1
1
1
1
1
1
1
1
1
1
1
1
1
1
1
1
1
1
1
1
1
1
1
1
1
1
1
1
1
1
1
1
1
1
1
1
1
1
1
1
1
1
1
1
1
1
1
1
1
1
1
1
1
1
1
1
1
1
1
1
1
1
1
1
1
1
1
1
