101 352 352
0
6
21
31
47
55
67
73
79
85
88
92
94
98
102
105
109
114
116
119
128
129
134
137
142
145
149
152
157
164
166
174
176
179
184
185
187
190
195
199
201
204
207
208
209
213
216
218
220
224
230
232
234
237
240
242
244
248
250
253
255
258
260
262
266
268
273
278
281
284
286
289
291
293
295
297
300
302
304
306
310
312
314
316
318
321
323
325
327
329
331
334
336
338
340
342
344
346
348
350
352
1
3
49
54
64
84
0
2
4
9
12
24
25
27
36
38
60
61
76
87
91
1
6
14
27
34
52
68
79
90
91
0
5
10
11
20
29
31
33
37
41
49
50
51
55
64
96
1
7
16
17
23
24
39
89
3
8
10
13
19
32
50
55
57
62
66
95
2
14
21
48
52
53
4
16
17
23
28
40
5
19
26
45
56
82
1
15
92
3
5
29
33
3
31
1
25
44
60
5
32
62
86
2
6
21
9
18
70
92
4
7
28
46
67
4
7
15
70
85
5
8
45
57
66
69
71
78
82
3
6
14
22
30
48
21
30
72
4
7
59
77
89
1
4
39
1
12
44
75
8
56
58
1
2
36
38
47
7
16
40
46
67
83
93
3
10
21
22
35
63
65
72
73
98
3
11
5
13
86
3
10
37
74
96
2
30
63
1
27
47
3
33
41
43
74
1
27
61
87
4
24
7
28
83
3
37
42
41
37
12
25
75
88
8
19
71
16
28
27
36
6
21
53
80
0
3
51
54
84
99
3
5
3
49
2
6
68
6
48
80
0
49
3
5
8
26
58
81
5
19
26
56
81
23
77
1
12
76
1
38
5
13
30
35
65
97
0
3
30
63
73
97
98
5
19
69
78
95
16
28
93
2
52
79
19
66
15
18
85
19
45
22
30
30
65
33
37
25
44
88
1
60
23
59
19
66
2
68
90
94
48
53
56
58
8
19
28
40
0
49
99
18
70
13
32
1
38
44
75
4
23
2
79
94
1
2
9
15
28
67
79
90
5
66
3
33
63
65
30
65
49
84
1
1
1
1
1
1
1
1
1
1
1
1
1
1
1
1
1
1
1
1
1
1
1
1
1
1
1
1
1
1
1
1
1
1
1
1
1
1
1
1
1
1
1
1
1
1
1
1
1
1
1
1
1
1
1
1
1
1
1
1
1
1
1
1
1
1
1
1
1
1
1
1
1
1
1
1
1
1
1
1
1
1
1
1
1
1
1
1
1
1
1
1
1
1
1
1
1
1
1
1
1
1
1
1
1
1
1
1
1
1
1
1
1
1
1
1
1
1
1
1
1
1
1
1
1
1
1
1
1
1
1
1
1
1
1
1
1
1
1
1
1
1
1
1
1
1
1
1
1
1
1
1
1
1
1
1
1
1
1
1
1
1
1
1
1
1
1
1
1
1
1
1
1
1
1
1
1
1
1
1
1
1
1
1
1
1
1
1
1
1
1
1
1
1
1
1
1
1
1
1
1
1
1
1
1
1
1
1
1
1
1
1
1
1
1
1
1
1
1
1
1
1
1
1
1
1
1
1
1
1
1
1
1
1
1
1
1
1
1
1
1
1
1
1
1
1
1
1
1
1
1
1
1
1
1
1
1
1
1
1
1
1
1
1
1
1
1
1
1
1
1
1
1
1
1
1
1
1
1
1
1
1
1
1
1
1
1
1
1
1
1
1
1
1
1
1
1
1
1
1
1
1
1
1
1
1
1
1
1
1
1
1
1
1
1
1
1
1
1
1
1
1
1
1
1
1
1
1
1
1
1
1
1
1
1
1
1
1
1
1
1
1
1
1
1
1
1
1
1
1
1
1
