21 190 190
0
12
20
29
36
44
57
69
79
88
98
111
122
132
144
150
157
167
174
181
190
1
4
5
6
7
8
9
10
11
13
14
19
0
2
11
12
13
16
18
19
1
4
5
6
8
9
14
18
19
7
11
12
15
16
17
19
0
2
5
7
8
9
10
14
0
2
4
6
7
8
9
10
11
14
15
16
17
0
2
5
7
8
9
10
11
12
13
16
17
0
3
4
5
6
9
10
12
13
16
0
2
4
5
6
10
12
13
15
0
2
4
5
6
7
11
13
15
19
0
4
5
6
7
8
11
12
13
16
17
18
19
0
1
3
5
6
9
10
12
13
16
18
1
3
6
7
8
10
11
14
15
19
0
1
6
7
8
9
10
11
15
16
17
18
0
2
4
5
12
16
3
5
8
9
12
13
19
1
3
5
6
7
10
11
13
14
17
3
5
6
10
13
16
18
1
2
10
11
13
17
19
0
1
2
3
9
10
12
15
18
1
1
1
1
1
1
1
1
1
1
1
1
1
1
1
1
1
1
1
1
1
1
1
1
1
1
1
1
1
1
1
1
1
1
1
1
1
1
1
1
1
1
1
1
1
1
1
1
1
1
1
1
1
1
1
1
1
1
1
1
1
1
1
1
1
1
1
1
1
1
1
1
1
1
1
1
1
1
1
1
1
1
1
1
1
1
1
1
1
1
1
1
1
1
1
1
1
1
1
1
1
1
1
1
1
1
1
1
1
1
1
1
1
1
1
1
1
1
1
1
1
1
1
1
1
1
1
1
1
1
1
1
1
1
1
1
1
1
1
1
1
1
1
1
1
1
1
1
1
1
1
1
1
1
1
1
1
1
1
1
1
1
1
1
1
1
1
1
1
1
1
1
1
1
1
1
1
1
1
1
1
1
1
1
1
1
1
1
1
1
