61
0
31
55
79
107
135
167
196
222
257
288
318
346
379
408
434
469
499
533
566
601
620
648
681
711
736
757
790
817
848
878
908
937
969
999
1027
1061
1087
1119
1146
1176
1209
1239
1269
1302
1331
1364
1389
1419
1451
1477
1510
1536
1563
1591
1624
1647
1672
1704
1737
1770
1770
1
3
5
8
9
11
12
14
15
16
17
18
21
22
24
25
26
27
32
35
37
41
43
46
47
49
52
53
54
57
58
0
3
8
10
11
12
15
16
21
22
26
29
30
33
34
42
43
44
45
48
51
54
55
57
3
5
8
11
13
14
15
18
19
21
22
23
32
37
39
40
43
45
46
47
49
51
57
58
0
1
2
4
8
12
22
24
25
26
28
29
30
33
34
35
40
41
42
47
50
51
53
54
56
57
58
59
3
5
13
15
16
17
18
20
22
23
24
25
29
30
31
33
34
35
37
39
40
41
43
51
52
53
57
59
0
2
4
7
9
11
14
15
16
18
20
21
22
23
24
25
26
29
32
34
36
38
39
40
46
48
51
54
55
56
58
59
8
9
10
12
13
14
15
16
17
18
22
24
26
27
28
29
32
33
34
36
38
41
42
46
47
50
51
53
59
5
9
10
11
12
13
16
17
19
20
21
23
29
30
31
32
34
37
39
43
44
45
48
54
55
56
0
1
2
3
6
9
10
11
12
14
15
16
18
20
22
23
28
29
30
31
35
36
37
38
39
43
44
45
46
48
54
55
56
57
59
0
5
6
7
8
12
13
16
18
19
22
23
29
30
32
34
35
38
40
41
42
43
47
48
49
50
51
53
57
58
59
1
6
7
8
11
13
14
15
16
17
18
19
21
22
23
25
28
29
37
40
41
42
51
52
54
55
56
57
58
59
0
1
2
5
7
8
10
15
16
17
18
22
23
26
27
28
32
33
34
35
37
38
39
42
47
49
52
59
0
1
3
6
7
8
9
15
17
22
23
25
26
27
28
29
30
37
38
41
42
43
44
47
49
50
51
52
53
54
55
57
59
2
4
6
7
9
10
15
16
17
18
19
20
22
26
27
29
30
32
38
42
43
44
45
46
47
48
50
58
59
0
2
5
6
8
10
15
16
19
21
32
35
38
39
40
41
42
47
49
50
51
53
54
57
58
59
0
1
2
4
5
6
8
10
11
12
13
14
17
18
19
24
25
28
31
32
33
34
35
39
40
41
43
44
45
50
52
53
54
56
59
0
1
4
5
6
7
8
9
10
11
13
14
19
21
22
24
26
30
31
36
37
39
40
41
47
48
50
53
54
55
0
4
6
7
10
11
12
13
15
20
23
24
28
30
33
34
35
36
40
41
42
43
45
46
47
48
50
51
52
54
56
57
58
59
0
2
4
5
6
8
9
10
11
13
15
19
21
23
24
26
30
31
32
33
37
38
39
42
43
45
48
49
50
53
56
57
59
2
7
9
10
13
14
15
16
18
22
23
25
26
27
30
33
34
35
37
38
40
41
43
44
45
47
48
49
50
51
53
54
57
58
59
4
5
7
8
13
17
22
23
25
32
35
36
38
41
44
48
50
52
58
0
1
2
5
7
10
14
16
18
24
26
27
28
29
30
31
32
35
37
39
40
43
46
49
50
53
54
58
0
1
2
3
4
5
6
8
9
10
11
12
13
16
19
20
23
24
25
26
27
28
34
35
36
41
42
44
45
48
50
55
58
2
4
5
7
8
9
10
11
12
17
18
19
20
22
28
29
32
33
34
35
38
39
40
43
44
48
53
55
58
59
0
3
4
5
6
15
16
17
18
21
22
27
31
33
35
39
40
41
44
45
46
48
51
52
53
0
3
4
5
10
12
15
19
20
22
29
31
34
36
38
39
45
50
53
55
57
0
1
3
5
6
11
12
13
16
18
19
21
22
29
32
33
37
38
39
40
41
42
43
44
45
46
47
48
50
52
54
56
58
0
6
11
12
13
19
21
22
24
28
29
31
33
35
38
42
43
44
45
46
48
50
51
52
57
58
59
3
6
8
10
11
12
15
17
21
22
23
27
32
33
34
35
36
39
40
42
43
44
45
46
47
48
49
52
54
55
59
1
3
4
5
6
7
8
9
10
12
13
21
23
25
26
27
30
31
33
40
42
43
44
48
50
52
54
56
57
58
1
3
4
7
8
9
12
13
16
17
18
19
21
29
31
34
36
37
41
42
43
44
45
46
47
49
53
56
57
58
4
7
8
15
16
18
21
24
25
27
29
30
33
34
35
36
37
39
40
44
45
46
48
52
53
55
57
58
59
0
2
5
6
7
9
11
13
14
15
18
20
21
23
26
28
34
35
36
37
39
40
41
42
45
46
49
50
52
53
54
58
1
3
4
6
11
15
17
18
19
23
24
26
27
28
29
31
34
36
39
40
41
45
46
50
52
53
54
55
56
57
1
3
4
5
6
7
9
11
15
17
19
22
23
25
28
30
31
32
33
35
37
41
48
50
51
52
57
58
0
3
4
8
9
11
14
15
17
19
20
21
22
23
24
27
28
31
32
34
37
40
41
43
44
45
46
47
50
54
55
56
58
59
5
6
8
16
17
20
22
25
28
30
31
32
33
38
39
42
45
46
49
50
54
55
56
57
58
59
0
2
4
7
8
10
11
12
16
18
19
21
26
30
31
32
34
35
38
39
40
42
45
46
47
48
49
50
51
54
56
58
5
6
8
9
11
12
13
14
18
19
20
23
25
26
27
36
37
39
42
43
44
45
47
48
52
54
59
2
4
5
7
8
11
14
15
16
18
21
23
24
25
26
28
31
32
33
36
37
38
40
41
45
50
51
56
57
59
2
3
4
5
9
10
14
15
16
17
19
21
23
24
26
28
29
31
32
33
35
37
39
45
47
48
51
53
54
55
56
57
59
0
3
4
6
9
10
12
14
15
16
17
19
20
22
24
26
30
32
33
34
35
39
43
44
46
50
51
52
56
59
1
3
6
9
10
11
12
13
14
17
18
22
26
27
28
29
30
32
36
37
38
43
44
45
47
49
50
51
55
57
0
1
2
4
7
8
9
12
13
15
17
18
19
21
23
26
27
28
29
30
35
38
41
42
44
45
47
49
50
52
53
54
55
1
7
8
12
13
15
19
20
22
23
24
26
27
28
29
30
31
35
38
41
42
43
45
48
49
51
54
56
58
1
2
7
8
13
15
17
18
19
22
24
25
26
27
28
30
31
32
33
35
36
37
38
39
40
42
43
44
47
52
55
56
59
0
2
5
6
8
13
17
21
24
26
27
28
30
31
32
33
35
36
37
41
47
48
49
51
55
0
2
3
6
9
11
12
13
14
16
17
19
26
28
30
35
37
38
40
42
43
45
46
48
49
50
53
54
57
58
1
5
7
8
9
13
16
17
18
19
20
22
23
24
26
27
28
29
31
34
37
38
40
44
46
47
51
52
53
54
57
59
0
2
9
11
12
14
18
19
21
28
30
32
36
37
42
43
44
46
47
50
52
53
54
55
56
58
3
6
9
12
13
14
15
16
17
18
19
20
21
22
25
26
27
29
32
33
34
35
36
37
39
41
42
43
47
49
56
57
59
1
2
3
4
5
6
9
10
12
14
17
19
24
27
34
37
39
40
41
42
44
46
48
53
56
58
0
4
10
11
12
15
17
20
24
26
27
28
29
31
32
33
34
38
41
43
45
48
49
54
57
58
59
0
3
4
6
9
12
14
15
16
18
19
21
23
24
25
30
31
32
33
40
43
47
48
49
51
55
57
58
0
1
3
5
7
8
10
12
14
15
16
17
19
21
26
28
29
32
33
35
36
37
38
40
43
44
47
48
49
52
57
58
59
1
5
7
8
10
12
16
22
23
25
28
31
33
35
36
40
42
43
45
46
49
53
57
3
5
7
8
10
15
17
18
26
29
30
33
35
36
37
39
40
41
44
45
49
50
51
58
59
0
1
2
3
4
8
9
10
12
14
17
18
19
25
27
29
30
31
33
34
36
39
40
42
47
48
50
52
53
54
55
59
0
2
3
5
9
10
13
14
17
19
20
21
22
23
26
27
29
30
31
32
34
35
36
37
44
47
49
51
52
53
54
56
59
3
4
5
6
8
9
10
11
12
13
14
15
17
18
19
23
27
28
31
35
36
38
39
40
41
45
48
50
52
54
56
57
58
1770
1
1
1
1
1
1
1
1
1
1
1
1
1
1
1
1
1
1
1
1
1
1
1
1
1
1
1
1
1
1
1
1
1
1
1
1
1
1
1
1
1
1
1
1
1
1
1
1
1
1
1
1
1
1
1
1
1
1
1
1
1
1
1
1
1
1
1
1
1
1
1
1
1
1
1
1
1
1
1
1
1
1
1
1
1
1
1
1
1
1
1
1
1
1
1
1
1
1
1
1
1
1
1
1
1
1
1
1
1
1
1
1
1
1
1
1
1
1
1
1
1
1
1
1
1
1
1
1
1
1
1
1
1
1
1
1
1
1
1
1
1
1
1
1
1
1
1
1
1
1
1
1
1
1
1
1
1
1
1
1
1
1
1
1
1
1
1
1
1
1
1
1
1
1
1
1
1
1
1
1
1
1
1
1
1
1
1
1
1
1
1
1
1
1
1
1
1
1
1
1
1
1
1
1
1
1
1
1
1
1
1
1
1
1
1
1
1
1
1
1
1
1
1
1
1
1
1
1
1
1
1
1
1
1
1
1
1
1
1
1
1
1
1
1
1
1
1
1
1
1
1
1
1
1
1
1
1
1
1
1
1
1
1
1
1
1
1
1
1
1
1
1
1
1
1
1
1
1
1
1
1
1
1
1
1
1
1
1
1
1
1
1
1
1
1
1
1
1
1
1
1
1
1
1
1
1
1
1
1
1
1
1
1
1
1
1
1
1
1
1
1
1
1
1
1
1
1
1
1
1
1
1
1
1
1
1
1
1
1
1
1
1
1
1
1
1
1
1
1
1
1
1
1
1
1
1
1
1
1
1
1
1
1
1
1
1
1
1
1
1
1
1
1
1
1
1
1
1
1
1
1
1
1
1
1
1
1
1
1
1
1
1
1
1
1
1
1
1
1
1
1
1
1
1
1
1
1
1
1
1
1
1
1
1
1
1
1
1
1
1
1
1
1
1
1
1
1
1
1
1
1
1
1
1
1
1
1
1
1
1
1
1
1
1
1
1
1
1
1
1
1
1
1
1
1
1
1
1
1
1
1
1
1
1
1
1
1
1
1
1
1
1
1
1
1
1
1
1
1
1
1
1
1
1
1
1
1
1
1
1
1
1
1
1
1
1
1
1
1
1
1
1
1
1
1
1
1
1
1
1
1
1
1
1
1
1
1
1
1
1
1
1
1
1
1
1
1
1
1
1
1
1
1
1
1
1
1
1
1
1
1
1
1
1
1
1
1
1
1
1
1
1
1
1
1
1
1
1
1
1
1
1
1
1
1
1
1
1
1
1
1
1
1
1
1
1
1
1
1
1
1
1
1
1
1
1
1
1
1
1
1
1
1
1
1
1
1
1
1
1
1
1
1
1
1
1
1
1
1
1
1
1
1
1
1
1
1
1
1
1
1
1
1
1
1
1
1
1
1
1
1
1
1
1
1
1
1
1
1
1
1
1
1
1
1
1
1
1
1
1
1
1
1
1
1
1
1
1
1
1
1
1
1
1
1
1
1
1
1
1
1
1
1
1
1
1
1
1
1
1
1
1
1
1
1
1
1
1
1
1
1
1
1
1
1
1
1
1
1
1
1
1
1
1
1
1
1
1
1
1
1
1
1
1
1
1
1
1
1
1
1
1
1
1
1
1
1
1
1
1
1
1
1
1
1
1
1
1
1
1
1
1
1
1
1
1
1
1
1
1
1
1
1
1
1
1
1
1
1
1
1
1
1
1
1
1
1
1
1
1
1
1
1
1
1
1
1
1
1
1
1
1
1
1
1
1
1
1
1
1
1
1
1
1
1
1
1
1
1
1
1
1
1
1
1
1
1
1
1
1
1
1
1
1
1
1
1
1
1
1
1
1
1
1
1
1
1
1
1
1
1
1
1
1
1
1
1
1
1
1
1
1
1
1
1
1
1
1
1
1
1
1
1
1
1
1
1
1
1
1
1
1
1
1
1
1
1
1
1
1
1
1
1
1
1
1
1
1
1
1
1
1
1
1
1
1
1
1
1
1
1
1
1
1
1
1
1
1
1
1
1
1
1
1
1
1
1
1
1
1
1
1
1
1
1
1
1
1
1
1
1
1
1
1
1
1
1
1
1
1
1
1
1
1
1
1
1
1
1
1
1
1
1
1
1
1
1
1
1
1
1
1
1
1
1
1
1
1
1
1
1
1
1
1
1
1
1
1
1
1
1
1
1
1
1
1
1
1
1
1
1
1
1
1
1
1
1
1
1
1
1
1
1
1
1
1
1
1
1
1
1
1
1
1
1
1
1
1
1
1
1
1
1
1
1
1
1
1
1
1
1
1
1
1
1
1
1
1
1
1
1
1
1
1
1
1
1
1
1
1
1
1
1
1
1
1
1
1
1
1
1
1
1
1
1
1
1
1
1
1
1
1
1
1
1
1
1
1
1
1
1
1
1
1
1
1
1
1
1
1
1
1
1
1
1
1
1
1
1
1
1
1
1
1
1
1
1
1
1
1
1
1
1
1
1
1
1
1
1
1
1
1
1
1
1
1
1
1
1
1
1
1
1
1
1
1
1
1
1
1
1
1
1
1
1
1
1
1
1
1
1
1
1
1
1
1
1
1
1
1
1
1
1
1
1
1
1
1
1
1
1
1
1
1
1
1
1
1
1
1
1
1
1
1
1
1
1
1
1
1
1
1
1
1
1
1
1
1
1
1
1
1
1
1
1
1
1
1
1
1
1
1
1
1
1
1
1
1
1
1
1
1
1
1
1
1
1
1
1
1
1
1
1
1
1
1
1
1
1
1
1
1
1
1
1
1
1
1
1
1
1
1
1
1
1
1
1
1
1
1
1
1
1
1
1
1
1
1
1
1
1
1
1
1
1
1
1
1
1
1
1
1
1
1
1
1
1
1
1
1
1
1
1
1
1
1
1
1
1
1
1
1
1
1
1
1
1
1
1
1
1
1
1
1
1
1
1
1
1
1
1
1
1
1
1
1
1
1
1
1
1
1
1
1
1
1
1
1
1
1
1
1
1
1
1
1
1
1
1
1
1
1
1
1
1
1
1
1
1
1
1
1
1
1
1
1
1
1
1
1
1
1
1
1
1
1
1
1
1
1
1
1
1
1
1
1
1
1
1
1
1
1
1
1
1
1
1
1
1
1
1
1
1
1
1
1
1
1
1
1
1
1
1
1
1
1
1
1
1
1
1
1
1
1
1
1
1
1
1
1
1
1
1
1
1
1
1
1
1
1
1
1
1
1
1
1
1
1
1
1
1
1
1
1
1
1
1
1
1
1
1
1
1
1
1
1
1
1
1
1
1
1
1
1
1
1
1
1
1
1
1
1
1
1
1
1
1
1
1
1
1
1
1
1
1
1
1
1
1
1
1
1
1
1
1
1
1
1
1
1
1
1
1
1
1
1
1
1
1
1
1
1
1
1
1
1
1
1
1
1
1
1
1
1
1
1
1
1
1
1
1
1
1
1
1
1
1
1
1
1
1
1
1
1
1
1
1
1
1
1
1
1
1
1
1
1
1
1
1
1
1
1
1
1
1
1
1
1
1
1
1
1
1
1
1
1
1
1
1
1
1
1
1
1
1
1
1
1
1
1
1
1
1
1
1
1
1
1
1
1
1
1
1
1
1
1
1
1
1
1
1
1
1
1
1
1
1
1
1
1
1
1
1
1
1
1
1
1
1
1
1
1
1
1
1
1
1
1
1
1
1
1
1
1
1
1
1
1
1
1
1
1
1
1
1
1
1
1
1
1
1
1
1
1
1
1
1
1
1
1
1
1
1
1
1
1
1
1
1
1
1
1
1
1
1
1
1
1
1
1
1
1
1
1
1
1
1
1
1
1
1
1
1
1
1
1
1
1
1
1
1
1
1
1
1
1
1
1
1
1
1
1
1
1
1
1
1
1
1
1
1
1
1
1
1
1
1
1
1
1
1
1
1
1
1
1
1
1
1
1
1
1
1
1
1
1
1
1
1
1
1
1
1
1
1
1
1
1
1
1
