31 98 98
0
1
6
8
15
24
29
31
35
38
41
44
46
50
52
56
61
63
65
68
70
73
79
82
84
86
88
91
94
96
98
1
0
2
7
8
12
1
3
2
4
5
10
14
15
26
3
5
6
9
16
18
19
26
28
3
4
14
16
20
4
9
1
12
13
23
1
11
17
4
6
18
3
15
21
8
17
1
7
13
23
7
12
3
5
20
25
3
10
21
22
27
4
5
8
11
4
9
19
4
18
5
14
25
10
15
22
24
27
29
15
21
24
7
12
21
22
14
20
3
4
28
15
21
29
4
26
21
27
1
1
1
1
1
1
1
1
1
1
1
1
1
1
1
1
1
1
1
1
1
1
1
1
1
1
1
1
1
1
1
1
1
1
1
1
1
1
1
1
1
1
1
1
1
1
1
1
1
1
1
1
1
1
1
1
1
1
1
1
1
1
1
1
1
1
1
1
1
1
1
1
1
1
1
1
1
1
1
1
1
1
1
1
1
1
1
1
1
1
1
1
1
1
1
1
1
1
