91 4004 4004
0
48
91
130
165
212
252
296
346
393
438
480
526
572
612
654
700
750
797
847
887
937
979
1018
1057
1104
1149
1187
1233
1278
1320
1363
1418
1465
1500
1543
1589
1638
1684
1730
1775
1823
1862
1910
1953
1998
2039
2078
2129
2172
2222
2272
2323
2372
2414
2461
2509
2549
2594
2639
2692
2739
2778
2815
2858
2899
2954
2998
3046
3088
3131
3168
3217
3260
3299
3342
3387
3430
3467
3514
3557
3596
3638
3683
3736
3777
3818
3864
3902
3955
4004
1
2
9
12
14
17
18
19
20
21
23
24
25
26
27
28
29
31
34
35
37
38
39
40
41
43
44
45
47
48
51
52
56
59
61
62
65
69
71
73
74
78
79
81
82
86
87
88
0
4
5
6
7
10
12
13
14
18
20
21
24
26
30
31
32
34
35
37
39
44
47
48
49
50
53
55
56
60
62
63
65
69
71
74
75
76
80
81
84
88
89
0
4
5
7
9
10
12
14
15
16
17
21
22
25
29
32
34
35
39
42
43
45
46
50
54
59
62
63
66
67
72
74
76
79
80
83
84
88
89
7
12
15
17
18
20
26
30
31
38
39
41
42
44
47
48
49
50
51
53
55
57
58
64
65
69
75
76
77
80
81
82
85
88
89
1
2
5
6
9
10
13
16
18
19
23
25
26
27
28
30
33
34
35
37
41
42
44
45
47
48
49
50
51
55
59
61
67
68
70
71
72
74
76
80
82
83
85
86
87
88
89
1
2
4
7
8
11
12
14
15
16
18
19
20
21
23
24
27
28
30
42
46
47
52
54
55
58
60
61
62
65
69
70
71
73
75
78
80
82
84
86
1
4
8
9
13
16
17
18
22
26
29
31
32
35
36
37
38
39
40
43
44
47
49
52
53
54
57
59
60
61
64
67
68
70
73
74
75
78
79
80
82
83
86
87
1
2
3
5
8
10
11
12
15
16
19
20
25
26
30
31
33
34
36
41
43
44
47
49
50
53
54
56
59
61
62
63
64
65
66
67
68
69
70
71
72
73
74
76
80
83
84
85
87
88
5
6
7
9
11
13
16
17
18
19
24
25
26
29
30
32
34
36
37
41
42
44
46
47
48
49
51
52
54
55
58
59
60
61
67
68
71
72
74
75
77
78
80
82
84
85
86
0
2
4
6
8
11
17
23
24
27
28
29
30
32
33
36
38
39
40
41
45
47
49
50
51
52
53
55
56
58
59
60
62
63
70
71
72
75
76
78
79
82
83
86
88
1
2
4
7
11
15
16
17
18
22
24
26
27
28
32
35
36
38
40
41
42
43
44
45
46
48
51
53
54
56
57
59
61
65
71
72
77
78
84
85
86
89
5
7
8
9
10
13
17
18
21
22
23
28
30
31
33
37
40
43
46
49
50
51
52
53
55
56
58
60
62
63
65
66
68
70
72
73
76
77
78
79
81
82
83
84
87
89
0
1
2
3
5
7
13
14
15
16
19
20
21
24
29
30
31
34
36
37
40
41
43
46
47
50
52
54
56
57
58
59
60
61
62
63
64
67
68
70
78
83
84
85
86
89
1
4
6
8
11
12
14
15
17
19
20
24
32
36
38
39
40
42
43
44
49
51
55
56
57
60
61
63
64
69
73
74
75
76
78
82
83
84
86
88
0
1
2
5
12
13
15
16
24
25
26
28
29
31
34
35
37
38
39
40
41
42
43
46
47
49
50
51
53
56
58
65
66
69
74
80
82
83
84
86
87
88
2
3
5
7
10
12
13
14
16
17
20
23
28
29
30
32
33
34
35
36
38
40
41
42
43
44
46
47
48
52
53
54
56
57
58
60
65
66
68
73
79
80
83
86
87
88
2
4
5
6
7
8
10
12
14
15
18
19
20
21
22
25
26
27
30
31
34
40
41
42
44
45
47
50
51
52
53
55
61
62
63
64
65
67
68
69
71
73
74
77
79
81
84
87
88
89
0
2
3
6
8
9
10
11
13
15
18
21
23
24
27
28
31
32
35
37
38
39
40
42
44
45
46
47
49
50
51
54
57
58
59
60
63
65
68
71
72
78
79
81
82
83
88
0
1
3
4
5
6
8
10
11
16
17
20
21
22
23
27
31
32
35
36
38
40
42
43
44
47
48
49
50
53
55
58
59
60
61
63
64
65
67
71
72
74
75
76
79
81
82
83
86
89
0
4
5
7
8
12
13
16
22
26
28
29
31
33
34
35
37
39
42
43
44
48
49
52
57
58
60
64
65
66
67
69
70
71
72
76
77
82
85
89
0
1
3
5
7
12
13
15
16
18
21
22
23
24
27
28
29
30
34
35
36
37
38
40
41
43
47
48
50
52
53
56
57
62
65
66
67
69
73
75
76
77
78
79
80
81
82
84
88
89
0
1
2
5
11
12
16
17
18
20
22
23
24
27
30
32
33
35
36
40
42
43
44
45
48
49
53
54
57
58
59
71
72
74
75
76
77
79
81
82
83
86
2
6
10
11
16
18
19
20
21
24
26
27
28
29
31
34
38
39
40
42
47
56
58
59
60
61
63
64
65
68
71
72
74
77
80
85
86
87
89
0
4
5
9
11
15
17
18
20
21
27
31
34
35
39
41
43
44
45
46
47
51
59
60
61
63
64
67
68
71
73
74
75
76
80
82
84
86
87
0
1
5
8
9
10
12
13
14
17
20
21
22
28
29
30
33
35
37
38
40
41
44
45
46
47
49
51
52
57
58
59
60
61
62
63
65
67
68
69
70
72
75
78
81
85
87
0
2
4
7
8
14
16
26
27
28
35
36
37
38
40
41
42
43
45
48
49
51
52
53
55
57
58
59
60
62
63
64
65
66
67
71
72
73
76
78
81
83
84
85
86
0
1
3
4
6
7
8
10
14
16
19
22
25
27
31
34
37
41
42
45
46
48
50
54
56
57
62
65
66
68
69
77
78
79
80
84
85
89
0
4
5
9
10
16
17
18
20
21
22
23
25
26
28
31
35
38
39
40
41
43
45
47
48
49
50
53
59
60
64
65
66
69
70
71
74
75
76
79
80
81
83
84
87
88
0
4
5
9
10
11
14
15
17
19
20
22
24
25
27
29
30
32
34
41
43
45
46
47
48
49
54
55
56
57
60
65
66
67
68
69
71
72
73
75
78
79
81
82
88
0
2
6
8
9
12
14
15
19
20
22
24
28
31
32
34
35
39
40
44
48
51
52
57
65
66
67
68
71
73
74
75
77
78
79
80
83
84
85
86
88
89
1
3
4
5
7
8
9
11
12
15
16
20
21
24
28
33
34
36
37
39
40
41
46
47
48
49
51
52
53
54
55
56
57
58
60
64
65
67
71
73
81
82
86
0
1
3
6
7
11
12
14
16
17
18
19
22
23
26
27
29
33
34
36
38
39
42
43
44
45
46
47
49
50
51
53
54
55
56
59
60
63
64
66
67
70
71
72
73
74
76
77
78
80
81
82
83
88
89
1
2
6
8
9
10
13
15
17
18
21
28
29
35
36
37
39
40
41
44
46
47
48
49
53
55
56
57
58
59
61
64
66
68
69
70
71
72
75
77
78
82
83
85
87
88
89
4
7
9
11
15
19
21
24
30
31
34
42
45
48
50
52
53
56
58
61
64
65
67
68
71
76
78
79
82
83
84
85
87
88
89
0
1
2
4
7
8
12
14
15
16
19
20
22
23
26
28
29
30
31
33
37
39
42
45
46
48
49
52
54
57
58
59
61
64
65
67
68
73
75
82
84
86
87
0
1
2
4
6
10
14
15
17
18
19
20
21
23
24
25
27
29
32
37
39
40
41
42
44
49
50
51
52
54
56
57
58
63
66
67
71
74
76
79
81
82
86
87
88
89
6
7
8
9
10
12
13
15
18
20
21
25
30
31
32
37
38
39
41
43
44
46
48
49
50
51
52
53
56
57
59
60
62
63
64
65
66
67
68
69
72
77
78
79
80
84
85
88
89
0
1
4
6
8
11
12
14
17
19
20
24
25
26
30
32
34
35
36
38
39
44
45
47
48
49
50
51
54
55
56
58
59
61
65
66
67
69
73
74
75
76
82
84
85
88
0
3
6
9
10
13
14
15
17
18
20
22
24
25
27
31
36
37
39
40
42
43
44
48
49
50
53
54
57
59
60
61
65
66
68
69
70
71
74
76
78
83
84
87
88
89
0
1
2
3
6
9
13
14
17
19
22
23
27
29
30
31
32
34
35
36
37
38
42
43
45
46
47
48
50
51
54
55
56
67
69
73
74
75
76
78
79
80
82
86
88
0
6
9
10
11
12
13
14
15
16
17
18
20
21
22
24
25
27
29
30
32
35
38
41
42
45
48
49
50
51
57
59
60
64
66
67
69
70
71
72
73
77
80
81
83
84
87
88
0
3
4
7
8
9
10
12
14
15
16
20
23
24
25
26
27
28
30
32
35
36
40
47
49
53
59
60
62
64
66
71
75
76
79
80
86
88
89
2
3
4
5
8
10
13
14
15
16
17
18
19
21
22
25
26
31
33
34
35
38
39
40
43
44
48
50
51
53
54
55
58
59
60
63
65
67
71
72
74
75
79
81
82
84
88
89
0
2
6
7
10
11
12
13
14
15
18
19
20
21
23
25
27
28
31
36
38
39
42
44
47
54
55
59
60
61
62
63
64
71
74
78
81
83
84
85
86
87
89
0
1
3
4
6
7
8
10
13
15
16
17
18
19
21
23
24
29
31
32
35
36
37
38
42
43
45
50
51
52
53
54
57
58
59
61
63
65
67
68
74
75
77
83
88
0
2
4
9
10
16
17
21
23
24
25
26
27
28
31
33
34
37
39
40
44
46
51
52
53
54
55
56
59
63
64
69
70
72
76
77
79
82
83
84
89
2
5
8
10
11
12
14
15
17
23
24
26
28
30
31
32
34
36
39
45
50
51
54
60
62
63
67
68
70
72
74
75
78
83
84
86
87
88
89
0
1
3
4
5
6
7
8
9
12
14
15
16
17
18
20
22
23
24
27
28
30
31
32
37
39
41
43
48
51
52
54
56
58
59
61
62
63
66
71
72
74
75
76
77
80
81
83
87
88
89
0
1
3
4
8
10
15
18
19
20
21
25
26
27
28
29
30
32
33
34
36
37
38
39
40
42
47
50
51
52
54
57
59
61
63
67
70
71
77
79
80
84
89
1
3
4
6
7
8
9
11
13
14
17
18
19
21
24
25
27
28
30
31
32
34
35
36
37
38
40
41
50
51
52
53
55
57
60
62
64
65
67
68
69
72
73
76
80
82
83
85
87
88
1
2
3
4
7
9
11
12
14
16
17
18
20
26
27
31
33
35
36
37
38
39
40
42
44
46
48
49
51
52
54
55
56
58
59
61
62
64
65
67
68
69
70
73
74
75
79
81
84
89
0
3
4
8
9
10
11
13
14
16
17
23
24
25
29
30
31
35
36
37
39
40
42
44
45
46
47
48
49
50
52
55
59
60
61
63
64
66
70
71
72
74
76
77
80
81
83
84
86
88
89
0
5
6
8
9
11
12
15
16
19
20
24
25
29
30
33
34
35
36
44
45
47
48
49
50
51
53
54
55
57
58
59
61
62
63
65
66
68
69
74
75
77
78
80
81
83
84
87
88
1
3
6
7
9
10
11
14
15
16
18
20
21
25
27
30
31
32
33
36
38
41
42
44
45
49
52
55
57
61
64
68
71
76
79
80
83
84
85
86
88
89
2
5
6
7
8
10
12
15
17
21
26
28
30
31
34
35
37
38
39
42
43
44
45
46
47
48
50
52
56
58
59
60
62
63
64
65
67
68
70
72
73
75
76
81
82
83
87
1
3
4
5
8
9
11
13
16
18
25
28
30
31
32
37
39
42
43
45
49
50
51
52
53
56
57
58
59
62
63
64
65
66
67
72
73
74
76
77
78
79
83
84
85
87
88
89
0
1
7
9
10
11
12
13
14
15
20
22
26
28
30
31
32
33
35
36
37
39
45
47
50
54
55
60
64
65
68
69
70
72
76
80
81
83
84
86
3
6
10
12
13
15
17
19
20
21
24
25
26
28
29
30
32
34
35
36
38
40
44
48
49
52
53
55
58
59
63
65
67
68
69
70
72
73
79
80
81
82
85
86
88
3
5
8
9
11
12
14
15
17
18
19
21
22
24
25
30
32
33
34
35
37
42
44
47
50
52
54
55
57
62
63
65
66
67
68
69
75
76
77
78
80
81
83
87
89
0
2
4
6
7
8
9
10
12
17
18
21
22
23
24
25
27
31
32
34
36
37
38
40
41
42
43
44
45
47
48
50
51
52
54
55
57
60
64
66
67
68
71
72
74
75
76
77
78
83
85
86
88
1
5
6
8
9
11
12
13
15
17
18
19
22
23
24
25
27
28
30
31
36
38
40
41
42
43
46
49
51
54
56
59
66
68
70
71
72
73
75
78
80
81
82
83
85
86
89
0
4
5
6
7
8
10
12
13
16
18
22
23
24
32
33
34
37
38
43
44
47
48
50
51
52
53
65
66
68
70
72
78
79
81
82
83
85
88
0
1
2
5
7
9
11
12
16
20
24
25
26
36
41
43
46
47
49
50
52
54
55
58
63
66
69
72
73
76
77
78
79
80
84
85
86
1
2
7
9
11
12
13
16
17
18
22
23
24
25
31
35
36
42
43
44
45
46
47
48
51
52
54
55
57
58
62
64
66
69
73
75
77
78
80
82
83
88
89
3
6
7
12
13
16
18
19
22
23
25
27
30
31
32
33
34
36
40
41
43
45
49
50
51
53
54
55
56
59
63
67
68
71
72
74
75
78
81
85
88
0
1
3
5
7
10
11
14
15
16
17
18
19
20
22
24
25
26
27
28
29
30
33
34
36
37
38
42
44
49
50
52
54
55
56
57
58
61
66
68
71
72
73
74
75
77
79
80
81
82
83
85
87
88
89
2
7
11
14
15
19
20
25
26
27
28
29
31
32
35
36
37
38
40
41
47
51
52
55
58
59
60
61
62
63
65
68
72
74
75
76
78
79
81
82
85
86
88
89
2
4
6
7
8
12
16
18
19
20
23
24
25
28
29
30
31
33
34
35
36
37
39
40
42
44
46
48
49
50
54
55
57
58
59
64
69
70
76
78
79
81
82
83
85
86
87
89
4
6
7
8
11
12
15
16
17
22
23
24
26
28
29
32
33
34
36
38
44
46
49
50
52
53
54
56
57
58
59
60
61
64
65
66
69
75
77
78
82
83
0
1
3
5
7
13
14
16
19
20
24
26
27
28
32
36
37
38
39
40
45
49
50
52
56
57
58
62
63
67
68
73
74
75
76
79
81
82
83
85
86
87
89
4
5
6
7
9
11
12
19
24
27
31
32
38
40
45
46
48
50
51
54
56
57
60
61
67
71
72
73
74
76
78
79
81
83
86
87
89
0
1
4
5
7
8
9
10
16
17
18
19
21
22
23
25
27
28
29
30
31
32
33
35
38
40
41
42
43
47
48
51
53
59
60
64
65
70
73
75
79
82
83
84
85
86
87
88
89
2
4
7
8
9
10
11
17
18
19
21
22
24
25
28
31
32
36
40
42
45
46
47
49
51
54
55
56
57
59
60
61
62
64
65
66
70
74
78
82
85
86
87
0
5
6
7
11
13
15
16
20
23
25
28
29
30
31
34
37
39
40
49
50
54
55
57
60
62
63
65
69
70
71
75
77
78
79
80
82
86
88
0
1
2
4
6
7
8
13
14
16
18
21
22
23
27
29
31
35
37
38
39
42
43
44
46
47
50
51
52
55
59
64
65
66
69
70
72
75
77
79
85
88
89
1
3
5
6
8
9
13
18
20
21
23
24
27
28
29
32
34
37
39
41
42
44
46
47
50
52
54
58
59
60
63
64
65
66
68
69
71
73
74
80
81
82
85
88
89
1
2
3
4
7
9
11
13
18
19
20
21
23
25
27
31
33
35
37
38
39
41
45
47
49
51
53
54
55
56
58
59
62
66
67
69
70
77
78
83
86
88
89
3
8
10
11
16
19
20
21
22
26
29
31
32
36
40
44
45
47
48
51
52
55
58
59
62
63
65
68
73
74
76
80
83
84
85
87
89
0
5
6
8
9
10
11
12
13
17
20
24
25
26
28
29
31
32
33
36
38
39
43
46
52
55
58
59
60
61
62
63
64
66
67
68
70
72
73
76
79
81
84
85
86
88
89
0
2
6
9
11
15
16
17
18
20
21
26
27
28
29
33
35
36
39
41
42
45
48
50
53
55
57
61
62
65
66
67
69
70
71
73
74
78
81
82
83
86
89
1
2
3
4
5
6
7
8
14
15
20
22
23
26
27
29
31
36
39
40
41
47
48
49
51
52
53
56
57
58
60
62
63
65
73
75
77
87
88
0
1
3
11
16
17
18
20
21
24
25
27
28
30
31
35
40
42
43
47
50
51
52
54
56
57
58
60
61
64
65
66
67
69
70
75
78
79
82
85
86
87
0
3
4
5
6
8
9
11
13
14
17
18
19
20
21
23
28
30
31
32
33
34
35
37
39
42
45
49
54
57
60
61
63
65
66
67
68
69
71
72
73
75
79
81
83
2
4
6
7
9
11
12
13
14
15
17
18
21
25
27
29
31
32
33
38
40
43
44
45
46
47
49
51
52
53
54
55
56
58
59
60
61
63
65
67
68
69
70
71
76
77
79
82
84
85
86
87
89
1
2
5
7
8
10
11
12
13
14
16
20
23
25
26
27
29
33
34
36
37
38
40
42
43
45
46
48
50
51
52
53
55
56
62
71
77
78
83
86
89
3
4
7
8
10
12
19
22
24
25
26
29
32
33
36
37
43
49
53
55
57
59
60
61
62
64
65
66
67
69
71
72
74
75
77
78
81
83
86
87
88
0
4
5
6
8
9
10
12
13
14
15
18
21
22
23
25
29
30
34
35
39
41
43
46
51
53
56
57
59
60
62
66
67
69
70
71
72
73
76
78
79
81
83
84
85
88
0
4
6
7
11
14
15
16
22
23
24
27
32
33
34
35
38
40
43
46
47
49
52
54
55
58
65
67
69
70
71
72
77
80
81
83
85
88
0
1
2
3
4
7
9
13
14
15
16
17
20
27
28
29
31
32
33
35
36
37
38
39
40
41
42
44
46
47
49
51
52
53
55
57
59
61
63
64
65
66
71
73
74
75
76
78
80
85
86
87
89
1
2
3
4
10
11
12
16
18
19
20
22
26
29
31
32
33
35
36
38
41
42
43
45
46
47
48
50
51
53
55
58
60
63
65
66
67
69
70
71
74
75
76
77
78
79
83
84
88
1
1
1
1
1
1
1
1
1
1
1
1
1
1
1
1
1
1
1
1
1
1
1
1
1
1
1
1
1
1
1
1
1
1
1
1
1
1
1
1
1
1
1
1
1
1
1
1
1
1
1
1
1
1
1
1
1
1
1
1
1
1
1
1
1
1
1
1
1
1
1
1
1
1
1
1
1
1
1
1
1
1
1
1
1
1
1
1
1
1
1
1
1
1
1
1
1
1
1
1
1
1
1
1
1
1
1
1
1
1
1
1
1
1
1
1
1
1
1
1
1
1
1
1
1
1
1
1
1
1
1
1
1
1
1
1
1
1
1
1
1
1
1
1
1
1
1
1
1
1
1
1
1
1
1
1
1
1
1
1
1
1
1
1
1
1
1
1
1
1
1
1
1
1
1
1
1
1
1
1
1
1
1
1
1
1
1
1
1
1
1
1
1
1
1
1
1
1
1
1
1
1
1
1
1
1
1
1
1
1
1
1
1
1
1
1
1
1
1
1
1
1
1
1
1
1
1
1
1
1
1
1
1
1
1
1
1
1
1
1
1
1
1
1
1
1
1
1
1
1
1
1
1
1
1
1
1
1
1
1
1
1
1
1
1
1
1
1
1
1
1
1
1
1
1
1
1
1
1
1
1
1
1
1
1
1
1
1
1
1
1
1
1
1
1
1
1
1
1
1
1
1
1
1
1
1
1
1
1
1
1
1
1
1
1
1
1
1
1
1
1
1
1
1
1
1
1
1
1
1
1
1
1
1
1
1
1
1
1
1
1
1
1
1
1
1
1
1
1
1
1
1
1
1
1
1
1
1
1
1
1
1
1
1
1
1
1
1
1
1
1
1
1
1
1
1
1
1
1
1
1
1
1
1
1
1
1
1
1
1
1
1
1
1
1
1
1
1
1
1
1
1
1
1
1
1
1
1
1
1
1
1
1
1
1
1
1
1
1
1
1
1
1
1
1
1
1
1
1
1
1
1
1
1
1
1
1
1
1
1
1
1
1
1
1
1
1
1
1
1
1
1
1
1
1
1
1
1
1
1
1
1
1
1
1
1
1
1
1
1
1
1
1
1
1
1
1
1
1
1
1
1
1
1
1
1
1
1
1
1
1
1
1
1
1
1
1
1
1
1
1
1
1
1
1
1
1
1
1
1
1
1
1
1
1
1
1
1
1
1
1
1
1
1
1
1
1
1
1
1
1
1
1
1
1
1
1
1
1
1
1
1
1
1
1
1
1
1
1
1
1
1
1
1
1
1
1
1
1
1
1
1
1
1
1
1
1
1
1
1
1
1
1
1
1
1
1
1
1
1
1
1
1
1
1
1
1
1
1
1
1
1
1
1
1
1
1
1
1
1
1
1
1
1
1
1
1
1
1
1
1
1
1
1
1
1
1
1
1
1
1
1
1
1
1
1
1
1
1
1
1
1
1
1
1
1
1
1
1
1
1
1
1
1
1
1
1
1
1
1
1
1
1
1
1
1
1
1
1
1
1
1
1
1
1
1
1
1
1
1
1
1
1
1
1
1
1
1
1
1
1
1
1
1
1
1
1
1
1
1
1
1
1
1
1
1
1
1
1
1
1
1
1
1
1
1
1
1
1
1
1
1
1
1
1
1
1
1
1
1
1
1
1
1
1
1
1
1
1
1
1
1
1
1
1
1
1
1
1
1
1
1
1
1
1
1
1
1
1
1
1
1
1
1
1
1
1
1
1
1
1
1
1
1
1
1
1
1
1
1
1
1
1
1
1
1
1
1
1
1
1
1
1
1
1
1
1
1
1
1
1
1
1
1
1
1
1
1
1
1
1
1
1
1
1
1
1
1
1
1
1
1
1
1
1
1
1
1
1
1
1
1
1
1
1
1
1
1
1
1
1
1
1
1
1
1
1
1
1
1
1
1
1
1
1
1
1
1
1
1
1
1
1
1
1
1
1
1
1
1
1
1
1
1
1
1
1
1
1
1
1
1
1
1
1
1
1
1
1
1
1
1
1
1
1
1
1
1
1
1
1
1
1
1
1
1
1
1
1
1
1
1
1
1
1
1
1
1
1
1
1
1
1
1
1
1
1
1
1
1
1
1
1
1
1
1
1
1
1
1
1
1
1
1
1
1
1
1
1
1
1
1
1
1
1
1
1
1
1
1
1
1
1
1
1
1
1
1
1
1
1
1
1
1
1
1
1
1
1
1
1
1
1
1
1
1
1
1
1
1
1
1
1
1
1
1
1
1
1
1
1
1
1
1
1
1
1
1
1
1
1
1
1
1
1
1
1
1
1
1
1
1
1
1
1
1
1
1
1
1
1
1
1
1
1
1
1
1
1
1
1
1
1
1
1
1
1
1
1
1
1
1
1
1
1
1
1
1
1
1
1
1
1
1
1
1
1
1
1
1
1
1
1
1
1
1
1
1
1
1
1
1
1
1
1
1
1
1
1
1
1
1
1
1
1
1
1
1
1
1
1
1
1
1
1
1
1
1
1
1
1
1
1
1
1
1
1
1
1
1
1
1
1
1
1
1
1
1
1
1
1
1
1
1
1
1
1
1
1
1
1
1
1
1
1
1
1
1
1
1
1
1
1
1
1
1
1
1
1
1
1
1
1
1
1
1
1
1
1
1
1
1
1
1
1
1
1
1
1
1
1
1
1
1
1
1
1
1
1
1
1
1
1
1
1
1
1
1
1
1
1
1
1
1
1
1
1
1
1
1
1
1
1
1
1
1
1
1
1
1
1
1
1
1
1
1
1
1
1
1
1
1
1
1
1
1
1
1
1
1
1
1
1
1
1
1
1
1
1
1
1
1
1
1
1
1
1
1
1
1
1
1
1
1
1
1
1
1
1
1
1
1
1
1
1
1
1
1
1
1
1
1
1
1
1
1
1
1
1
1
1
1
1
1
1
1
1
1
1
1
1
1
1
1
1
1
1
1
1
1
1
1
1
1
1
1
1
1
1
1
1
1
1
1
1
1
1
1
1
1
1
1
1
1
1
1
1
1
1
1
1
1
1
1
1
1
1
1
1
1
1
1
1
1
1
1
1
1
1
1
1
1
1
1
1
1
1
1
1
1
1
1
1
1
1
1
1
1
1
1
1
1
1
1
1
1
1
1
1
1
1
1
1
1
1
1
1
1
1
1
1
1
1
1
1
1
1
1
1
1
1
1
1
1
1
1
1
1
1
1
1
1
1
1
1
1
1
1
1
1
1
1
1
1
1
1
1
1
1
1
1
1
1
1
1
1
1
1
1
1
1
1
1
1
1
1
1
1
1
1
1
1
1
1
1
1
1
1
1
1
1
1
1
1
1
1
1
1
1
1
1
1
1
1
1
1
1
1
1
1
1
1
1
1
1
1
1
1
1
1
1
1
1
1
1
1
1
1
1
1
1
1
1
1
1
1
1
1
1
1
1
1
1
1
1
1
1
1
1
1
1
1
1
1
1
1
1
1
1
1
1
1
1
1
1
1
1
1
1
1
1
1
1
1
1
1
1
1
1
1
1
1
1
1
1
1
1
1
1
1
1
1
1
1
1
1
1
1
1
1
1
1
1
1
1
1
1
1
1
1
1
1
1
1
1
1
1
1
1
1
1
1
1
1
1
1
1
1
1
1
1
1
1
1
1
1
1
1
1
1
1
1
1
1
1
1
1
1
1
1
1
1
1
1
1
1
1
1
1
1
1
1
1
1
1
1
1
1
1
1
1
1
1
1
1
1
1
1
1
1
1
1
1
1
1
1
1
1
1
1
1
1
1
1
1
1
1
1
1
1
1
1
1
1
1
1
1
1
1
1
1
1
1
1
1
1
1
1
1
1
1
1
1
1
1
1
1
1
1
1
1
1
1
1
1
1
1
1
1
1
1
1
1
1
1
1
1
1
1
1
1
1
1
1
1
1
1
1
1
1
1
1
1
1
1
1
1
1
1
1
1
1
1
1
1
1
1
1
1
1
1
1
1
1
1
1
1
1
1
1
1
1
1
1
1
1
1
1
1
1
1
1
1
1
1
1
1
1
1
1
1
1
1
1
1
1
1
1
1
1
1
1
1
1
1
1
1
1
1
1
1
1
1
1
1
1
1
1
1
1
1
1
1
1
1
1
1
1
1
1
1
1
1
1
1
1
1
1
1
1
1
1
1
1
1
1
1
1
1
1
1
1
1
1
1
1
1
1
1
1
1
1
1
1
1
1
1
1
1
1
1
1
1
1
1
1
1
1
1
1
1
1
1
1
1
1
1
1
1
1
1
1
1
1
1
1
1
1
1
1
1
1
1
1
1
1
1
1
1
1
1
1
1
1
1
1
1
1
1
1
1
1
1
1
1
1
1
1
1
1
1
1
1
1
1
1
1
1
1
1
1
1
1
1
1
1
1
1
1
1
1
1
1
1
1
1
1
1
1
1
1
1
1
1
1
1
1
1
1
1
1
1
1
1
1
1
1
1
1
1
1
1
1
1
1
1
1
1
1
1
1
1
1
1
1
1
1
1
1
1
1
1
1
1
1
1
1
1
1
1
1
1
1
1
1
1
1
1
1
1
1
1
1
1
1
1
1
1
1
1
1
1
1
1
1
1
1
1
1
1
1
1
1
1
1
1
1
1
1
1
1
1
1
1
1
1
1
1
1
1
1
1
1
1
1
1
1
1
1
1
1
1
1
1
1
1
1
1
1
1
1
1
1
1
1
1
1
1
1
1
1
1
1
1
1
1
1
1
1
1
1
1
1
1
1
1
1
1
1
1
1
1
1
1
1
1
1
1
1
1
1
1
1
1
1
1
1
1
1
1
1
1
1
1
1
1
1
1
1
1
1
1
1
1
1
1
1
1
1
1
1
1
1
1
1
1
1
1
1
1
1
1
1
1
1
1
1
1
1
1
1
1
1
1
1
1
1
1
1
1
1
1
1
1
1
1
1
1
1
1
1
1
1
1
1
1
1
1
1
1
1
1
1
1
1
1
1
1
1
1
1
1
1
1
1
1
1
1
1
1
1
1
1
1
1
1
1
1
1
1
1
1
1
1
1
1
1
1
1
1
1
1
1
1
1
1
1
1
1
1
1
1
1
1
1
1
1
1
1
1
1
1
1
1
1
1
1
1
1
1
1
1
1
1
1
1
1
1
1
1
1
1
1
1
1
1
1
1
1
1
1
1
1
1
1
1
1
1
1
1
1
1
1
1
1
1
1
1
1
1
1
1
1
1
1
1
1
1
1
1
1
1
1
1
1
1
1
1
1
1
1
1
1
1
1
1
1
1
1
1
1
1
1
1
1
1
1
1
1
1
1
1
1
1
1
1
1
1
1
1
1
1
1
1
1
1
1
1
1
1
1
1
1
1
1
1
1
1
1
1
1
1
1
1
1
1
1
1
1
1
1
1
1
1
1
1
1
1
1
1
1
1
1
1
1
1
1
1
1
1
1
1
1
1
1
1
1
1
1
1
1
1
1
1
1
1
1
1
1
1
1
1
1
1
1
1
1
1
1
1
1
1
1
1
1
1
1
1
1
1
1
1
1
1
1
1
1
1
1
1
1
1
1
1
1
1
1
1
1
1
1
1
1
1
1
1
1
1
1
1
1
1
1
1
1
1
1
1
1
1
1
1
1
1
1
1
1
1
1
1
1
1
1
1
1
1
1
1
1
1
1
1
1
1
1
1
1
1
1
1
1
1
1
1
1
1
1
1
1
1
1
1
1
1
1
1
1
1
1
1
1
1
1
1
1
1
1
1
1
1
1
1
1
1
1
1
1
1
1
1
1
1
1
1
1
1
1
1
1
1
1
1
1
1
1
1
1
1
1
1
1
1
1
1
1
1
1
1
1
1
1
1
1
1
1
1
1
1
1
1
1
1
1
1
1
1
1
1
1
1
1
1
1
1
1
1
1
1
1
1
1
1
1
1
1
1
1
1
1
1
1
1
1
1
1
1
1
1
1
1
1
1
1
1
1
1
1
1
1
1
1
1
1
1
1
1
1
1
1
1
1
1
1
1
1
1
1
1
1
1
1
1
1
1
1
1
1
1
1
1
1
1
1
1
1
1
1
1
1
1
1
1
1
1
1
1
1
1
1
1
1
1
1
1
1
1
1
1
1
1
1
1
1
1
1
1
1
1
1
1
1
1
1
1
1
1
1
1
1
1
1
1
1
1
1
1
1
1
1
1
1
1
1
1
1
1
1
1
1
1
1
1
1
1
1
1
1
1
1
1
1
1
1
1
1
1
1
1
1
1
1
1
1
1
1
1
1
1
1
1
1
1
1
1
1
1
1
1
1
1
1
1
1
1
1
1
1
1
1
1
1
1
1
1
1
1
1
1
1
1
1
1
1
1
1
1
1
1
1
1
1
1
1
1
1
1
1
1
1
1
1
1
1
1
1
1
1
1
1
1
1
1
1
1
1
1
1
1
1
1
1
1
1
1
1
1
1
1
1
1
1
1
1
1
1
1
1
1
1
1
1
1
1
1
1
1
1
1
1
1
1
1
1
1
1
1
1
1
1
1
1
1
1
1
1
1
1
1
1
1
1
1
1
1
1
1
1
1
1
1
1
1
1
1
1
1
1
1
1
1
1
1
1
1
1
1
1
1
1
1
1
1
1
1
1
1
1
1
1
1
1
1
1
1
1
1
1
1
1
1
1
1
1
1
1
1
1
1
1
1
1
1
1
1
1
1
1
1
1
1
1
1
1
1
1
1
1
1
1
1
1
1
1
1
1
1
1
1
1
1
1
1
1
1
1
1
1
1
1
1
1
1
1
1
1
1
1
1
1
1
1
1
1
1
1
1
1
1
1
1
1
1
1
1
1
1
1
1
1
1
1
1
1
1
1
1
1
1
1
1
1
1
1
1
1
1
1
1
1
1
1
1
1
1
1
1
1
1
1
1
1
1
1
1
1
1
1
1
1
1
1
1
1
1
1
1
1
1
1
1
1
1
1
1
1
1
1
1
1
1
1
1
1
1
1
1
1
1
1
1
1
1
1
1
1
1
1
1
1
1
1
1
1
1
1
1
1
1
1
1
1
1
1
1
1
1
1
1
1
1
1
1
1
1
1
1
1
1
1
1
1
1
1
1
1
1
1
1
1
1
1
1
1
1
1
1
1
1
1
1
1
1
1
1
1
1
1
1
1
1
1
1
1
1
1
1
1
1
1
1
1
1
1
1
1
1
1
1
1
1
1
1
1
1
1
1
1
1
1
1
1
1
1
1
1
1
1
1
1
1
1
1
1
1
1
1
1
1
1
1
1
1
1
1
1
1
1
1
1
1
1
1
1
1
1
1
1
1
1
1
1
1
1
1
1
1
1
1
1
1
1
1
1
1
1
1
1
1
1
1
1
1
1
1
1
1
1
1
1
1
1
1
1
1
1
1
1
1
1
1
1
1
1
1
1
1
1
1
1
1
1
1
1
1
1
1
1
1
1
1
1
1
1
1
1
1
1
1
1
1
1
1
1
1
1
1
1
1
1
1
1
1
1
1
1
1
1
1
1
1
1
1
1
1
1
1
1
1
1
1
1
1
1
1
1
1
1
1
1
1
1
1
1
1
1
1
1
1
1
1
1
1
1
1
1
1
1
1
1
1
1
1
1
1
1
1
1
1
1
1
1
1
1
1
1
1
1
1
1
1
1
1
1
1
1
1
1
1
1
1
1
1
1
1
1
1
1
1
1
1
1
1
1
1
1
1
1
1
1
1
1
1
1
1
1
1
1
1
1
1
1
1
1
1
1
1
1
1
1
1
1
1
1
1
1
1
1
1
1
1
1
1
1
1
1
1
1
1
1
1
1
1
1
1
1
1
1
1
1
1
1
1
1
1
1
1
1
1
1
1
1
1
1
1
1
1
1
1
1
1
1
1
1
1
1
1
1
1
1
1
1
1
1
1
1
1
1
1
1
1
1
1
1
1
1
1
1
1
1
1
1
1
1
1
1
1
1
1
1
1
1
1
1
1
1
1
1
1
1
1
1
1
1
1
1
1
1
1
1
1
1
1
1
1
1
1
1
1
1
1
1
1
1
1
1
1
1
1
1
1
1
1
1
1
1
1
1
1
1
1
1
1
1
1
1
1
1
1
1
1
1
1
1
1
1
1
1
1
1
1
1
1
1
1
1
1
1
1
1
1
1
1
1
1
1
1
1
1
1
1
1
1
1
1
1
1
1
1
1
1
1
1
1
1
1
1
1
1
1
1
1
1
1
1
1
1
1
1
1
1
1
1
1
1
1
1
1
1
1
1
1
1
1
1
1
1
1
1
1
1
1
1
1
1
1
1
1
1
1
1
1
1
1
1
1
1
1
1
1
1
1
1
1
1
1
1
1
1
1
1
1
1
1
1
1
1
1
1
1
1
1
1
1
1
1
1
1
1
1
1
1
1
1
1
1
1
1
1
1
1
1
1
1
1
1
1
1
1
1
1
1
1
1
1
1
1
1
1
1
1
1
1
1
1
1
1
1
1
1
1
1
1
1
1
1
1
1
1
1
1
1
1
1
1
1
1
1
1
1
1
1
1
1
1
1
1
1
1
1
1
1
1
1
1
1
1
1
1
1
1
1
1
1
1
1
1
1
1
1
1
1
1
1
1
1
1
1
1
1
1
1
1
1
1
1
1
1
1
1
1
1
1
1
1
1
1
1
1
1
1
1
1
1
1
1
1
1
1
1
1
1
1
1
1
1
1
1
1
1
1
1
1
1
1
1
1
1
1
1
1
1
1
1
1
1
1
1
1
1
1
1
1
1
1
1
1
1
1
1
1
1
1
1
1
1
1
1
1
1
1
1
1
1
1
1
1
1
1
1
1
1
1
1
1
1
1
1
1
1
1
1
1
1
1
1
1
1
1
1
1
1
1
1
1
1
1
1
1
1
1
1
1
1
1
1
1
1
1
1
1
1
1
1
1
1
1
1
1
1
1
1
1
1
1
1
1
1
1
1
1
1
1
1
1
1
1
1
1
1
1
1
1
1
1
1
1
1
1
1
1
1
1
1
1
1
1
1
1
1
1
1
1
1
1
1
1
1
1
1
1
1
1
1
1
