71
0
41
71
107
142
181
220
258
292
323
354
393
427
460
493
526
562
594
628
669
702
728
759
792
828
865
899
929
970
998
1032
1063
1093
1128
1165
1203
1239
1274
1310
1348
1388
1422
1456
1485
1523
1559
1598
1634
1663
1699
1730
1763
1799
1839
1878
1903
1941
1972
2017
2042
2075
2107
2136
2169
2205
2237
2263
2302
2347
2381
2414
2414
1
3
4
5
6
8
10
12
13
14
15
16
18
21
26
27
29
30
31
32
34
37
38
40
41
43
44
45
47
48
49
52
53
58
60
61
62
63
65
66
68
0
5
7
9
11
14
15
20
22
24
29
33
35
38
39
40
44
45
46
48
49
53
55
56
57
60
61
62
66
68
3
4
6
7
8
9
11
15
16
17
19
20
22
24
25
28
29
32
33
34
36
37
38
40
41
43
44
46
48
52
55
61
64
66
68
69
0
2
6
8
9
12
13
14
15
16
17
18
23
24
25
28
34
35
38
39
42
46
47
48
50
51
52
54
56
58
62
63
64
65
66
0
2
5
7
10
11
12
14
15
17
18
19
23
24
26
27
29
30
31
34
36
39
42
43
45
46
49
51
53
54
55
56
57
62
63
64
65
66
67
0
1
4
6
9
11
12
16
17
18
24
25
27
30
31
33
34
35
36
40
41
42
44
45
46
47
50
51
52
53
54
58
59
60
61
62
63
64
68
0
2
3
5
9
11
12
13
16
18
20
21
22
23
24
26
31
32
33
34
35
37
39
43
45
50
51
55
56
57
59
60
62
63
66
67
68
69
1
2
4
8
10
11
13
14
20
21
22
23
24
26
27
29
35
36
37
38
39
40
45
48
50
51
57
59
60
62
63
66
67
68
0
2
3
7
12
14
17
18
20
21
22
23
27
29
31
33
34
36
37
41
49
52
53
55
56
57
58
59
61
67
68
1
2
3
5
6
11
12
13
15
16
18
22
23
25
26
28
29
30
32
34
39
41
43
44
45
48
53
63
64
65
66
0
4
7
12
14
16
18
21
24
25
28
29
31
33
34
35
38
39
40
41
42
43
44
46
48
49
51
52
53
54
55
56
57
59
60
61
62
63
69
1
2
4
5
6
7
9
12
14
23
24
25
26
27
30
31
32
35
36
37
38
39
45
46
49
52
53
54
55
58
62
63
66
67
0
3
4
5
6
8
9
10
11
15
17
18
20
24
28
30
32
33
35
36
46
47
50
52
53
55
57
59
60
63
65
68
69
0
3
6
7
9
14
17
19
20
21
23
24
26
37
39
42
43
44
45
46
49
50
51
52
54
56
60
61
62
63
64
66
67
0
1
3
4
7
8
10
11
13
15
16
17
19
21
22
25
26
32
33
35
39
43
45
47
48
49
51
52
53
59
60
62
66
0
1
2
3
4
9
12
14
18
19
20
25
27
32
33
35
38
39
43
46
47
48
51
52
53
55
56
57
58
59
60
61
63
67
68
69
0
2
3
5
6
9
10
14
17
22
23
25
27
28
30
32
33
34
39
40
41
42
43
45
47
51
52
54
56
58
67
69
2
3
4
5
8
12
13
14
16
19
21
24
25
26
27
28
35
36
38
39
41
43
44
45
48
53
55
59
62
64
66
67
68
69
0
3
4
5
6
8
9
10
12
15
19
21
22
23
25
26
29
30
31
32
33
37
38
40
41
42
45
47
48
50
52
53
54
55
56
57
58
60
65
67
69
2
4
13
14
15
17
18
21
25
26
30
31
33
34
37
38
42
43
46
48
50
51
52
53
55
57
59
60
63
66
67
68
69
1
2
6
7
8
12
13
15
22
29
33
37
39
43
46
47
48
49
52
55
56
59
61
63
66
69
0
6
7
8
10
13
14
17
18
19
23
27
28
30
32
34
35
36
38
48
50
51
53
54
55
56
57
58
63
64
67
1
2
6
7
8
9
14
16
18
20
23
24
25
26
27
29
30
33
35
36
38
42
45
46
47
49
50
51
57
62
66
67
69
3
4
6
7
8
9
11
13
16
18
21
22
24
25
26
28
29
30
31
33
35
40
41
44
46
49
51
58
59
61
62
64
66
67
68
69
1
2
3
4
5
6
7
10
11
12
13
17
22
23
25
27
28
32
33
37
38
39
40
41
44
45
48
49
50
52
53
56
58
59
62
65
67
2
3
5
9
10
11
14
15
16
17
18
19
22
23
24
27
28
33
38
39
40
41
44
45
49
51
52
53
59
64
65
66
67
68
0
4
6
7
9
11
13
14
17
18
19
22
23
29
32
36
37
38
43
44
49
55
56
57
59
60
61
62
66
68
0
4
5
7
8
11
15
16
17
21
22
24
25
28
29
31
32
33
35
36
38
39
41
44
46
47
48
50
51
52
53
55
56
57
62
63
64
65
66
67
69
2
3
9
10
12
16
17
21
23
24
25
27
31
33
37
39
41
43
45
46
52
55
57
58
65
66
67
69
0
1
2
4
7
8
9
10
18
20
22
23
26
27
33
34
37
38
40
41
44
45
49
51
52
53
55
56
57
62
65
67
68
69
0
4
5
9
11
12
16
18
19
21
22
23
32
34
36
37
38
41
45
46
47
48
53
54
55
58
61
64
65
67
68
0
4
5
6
8
10
11
18
19
23
27
28
35
36
37
38
42
43
44
46
47
50
53
55
57
59
64
66
67
68
0
2
6
9
11
12
14
15
16
18
21
24
26
27
30
34
35
36
38
39
40
43
46
47
48
50
57
58
60
61
63
64
65
68
69
1
2
5
6
8
10
12
14
15
16
18
19
20
22
23
24
25
27
28
29
34
35
36
37
45
46
50
51
52
55
56
59
62
64
66
67
69
0
2
3
4
5
6
8
9
10
16
19
21
29
30
32
33
37
38
39
40
42
43
45
46
47
49
50
52
55
56
57
59
60
62
63
64
65
67
1
3
5
6
7
10
11
12
14
15
17
21
22
23
27
31
32
33
36
39
40
41
43
44
45
46
49
50
52
53
56
57
60
66
68
69
2
4
5
7
8
11
12
17
21
22
26
27
30
31
32
33
35
37
39
41
42
43
44
45
46
48
49
54
55
56
57
60
63
65
68
0
2
6
7
8
11
13
18
19
20
24
26
28
29
30
31
33
34
36
42
45
46
47
48
49
51
56
57
59
60
61
63
65
66
67
68
0
1
2
3
7
10
11
15
17
18
19
21
22
24
25
26
27
29
30
31
32
34
39
40
44
45
48
50
52
53
55
57
58
62
63
66
67
68
1
3
4
6
7
9
10
11
13
14
15
16
17
20
24
25
27
28
32
34
35
36
38
41
43
44
46
48
51
55
57
58
60
61
62
63
64
67
68
69
0
1
2
5
7
10
16
18
23
24
25
29
32
34
35
38
41
42
44
45
48
49
52
53
54
55
56
57
62
63
65
66
68
69
0
2
5
8
9
10
16
17
18
23
24
25
27
28
29
30
35
36
39
40
42
43
45
48
50
53
56
57
59
64
66
67
68
69
3
4
5
10
13
16
18
19
22
31
34
36
37
40
41
43
45
49
50
51
53
57
59
60
63
64
65
67
69
0
2
4
6
9
10
13
14
15
16
17
19
20
26
28
31
32
34
35
36
39
41
42
44
46
48
50
51
54
55
57
60
61
62
63
66
67
69
0
1
2
5
9
10
13
17
23
24
25
26
27
29
31
35
36
38
39
40
43
45
46
47
50
51
52
54
55
57
59
62
63
67
68
69
0
1
4
5
6
7
9
11
13
14
16
17
18
22
24
25
28
29
30
33
34
35
36
37
38
40
41
42
44
48
50
51
53
56
57
59
61
66
69
1
2
3
4
5
10
11
12
13
15
19
20
22
23
27
28
30
31
32
33
34
35
36
37
39
43
44
51
54
57
59
60
61
62
66
67
0
3
5
12
14
15
16
18
20
22
27
30
31
32
34
37
44
48
51
55
57
58
60
61
62
63
66
67
68
0
1
2
3
7
9
10
14
15
17
18
19
20
21
24
27
30
32
36
37
38
39
40
41
43
45
47
52
53
56
57
58
61
64
66
67
0
1
4
8
10
11
13
14
20
22
23
24
25
26
29
34
35
36
37
40
42
50
52
54
55
57
59
64
65
66
67
3
5
6
7
12
13
18
19
21
22
24
27
31
32
33
34
35
38
41
42
43
44
45
49
51
52
53
59
60
64
65
66
68
3
4
5
6
7
10
13
14
15
16
19
21
22
23
25
27
29
33
37
39
42
43
44
45
46
47
50
52
53
54
57
60
61
63
65
66
0
2
3
5
8
10
11
12
13
14
15
16
18
19
20
24
25
27
28
29
33
34
35
38
40
44
48
49
50
51
53
55
60
62
63
65
66
67
68
69
0
1
4
5
8
9
10
11
12
14
15
17
18
19
21
24
25
27
29
30
31
35
38
40
41
42
45
48
50
51
52
55
58
59
60
64
66
67
68
3
4
5
10
11
13
16
18
21
30
36
40
43
44
46
49
51
57
58
59
63
65
67
68
69
1
2
4
6
8
10
11
12
15
17
18
19
20
21
26
27
28
29
30
31
33
34
36
38
39
40
43
44
47
49
52
53
56
57
64
65
67
69
1
3
4
6
8
10
13
15
16
18
20
21
24
26
27
29
33
34
35
36
37
40
41
45
48
55
57
64
65
67
68
1
4
6
7
8
10
12
15
18
19
21
22
26
27
28
29
31
32
34
35
36
37
38
39
40
41
42
43
44
45
46
47
48
49
51
54
55
56
58
59
60
61
64
67
69
0
3
5
8
11
15
16
18
21
23
24
28
30
32
38
39
47
48
53
54
57
59
61
62
69
5
6
7
8
10
12
14
15
17
19
20
23
24
25
26
31
33
34
37
41
42
44
45
46
49
50
53
54
57
58
61
62
64
0
1
5
6
7
10
12
13
14
15
18
19
26
32
34
35
36
37
39
42
43
46
47
50
51
52
53
57
61
62
64
67
0
1
2
5
8
10
13
15
20
23
26
30
32
37
39
43
45
46
47
48
51
57
58
59
60
62
63
67
69
0
1
3
4
5
6
7
10
11
13
14
17
22
23
24
26
27
29
33
34
38
39
40
43
44
46
47
52
58
59
60
61
64
0
3
4
5
6
7
9
10
11
12
13
15
19
20
21
27
32
34
36
37
38
39
40
42
43
44
47
51
52
54
61
64
65
66
67
68
2
3
4
5
9
13
17
21
23
25
27
30
31
32
33
34
39
41
42
48
49
50
53
55
56
57
59
60
62
63
67
69
0
3
4
9
12
18
24
25
27
28
29
30
32
34
36
37
40
42
49
50
51
52
54
55
56
63
0
1
2
3
4
6
7
9
11
13
14
17
19
20
22
23
25
26
27
28
31
33
35
37
38
40
41
43
45
46
47
48
49
50
51
52
53
63
69
4
6
7
8
11
13
15
16
17
18
19
21
22
23
24
25
27
28
29
30
31
33
34
37
38
39
41
42
43
44
46
47
48
49
52
53
54
55
56
57
60
61
63
64
68
0
1
2
5
6
7
8
12
15
17
19
23
25
26
29
30
31
32
35
36
37
38
39
40
41
44
47
50
52
53
54
56
63
67
2
6
10
12
15
16
17
18
19
20
22
23
27
28
29
32
33
35
39
40
41
42
43
44
45
52
54
55
57
58
61
64
66
2414
1
1
1
1
1
1
1
1
1
1
1
1
1
1
1
1
1
1
1
1
1
1
1
1
1
1
1
1
1
1
1
1
1
1
1
1
1
1
1
1
1
1
1
1
1
1
1
1
1
1
1
1
1
1
1
1
1
1
1
1
1
1
1
1
1
1
1
1
1
1
1
1
1
1
1
1
1
1
1
1
1
1
1
1
1
1
1
1
1
1
1
1
1
1
1
1
1
1
1
1
1
1
1
1
1
1
1
1
1
1
1
1
1
1
1
1
1
1
1
1
1
1
1
1
1
1
1
1
1
1
1
1
1
1
1
1
1
1
1
1
1
1
1
1
1
1
1
1
1
1
1
1
1
1
1
1
1
1
1
1
1
1
1
1
1
1
1
1
1
1
1
1
1
1
1
1
1
1
1
1
1
1
1
1
1
1
1
1
1
1
1
1
1
1
1
1
1
1
1
1
1
1
1
1
1
1
1
1
1
1
1
1
1
1
1
1
1
1
1
1
1
1
1
1
1
1
1
1
1
1
1
1
1
1
1
1
1
1
1
1
1
1
1
1
1
1
1
1
1
1
1
1
1
1
1
1
1
1
1
1
1
1
1
1
1
1
1
1
1
1
1
1
1
1
1
1
1
1
1
1
1
1
1
1
1
1
1
1
1
1
1
1
1
1
1
1
1
1
1
1
1
1
1
1
1
1
1
1
1
1
1
1
1
1
1
1
1
1
1
1
1
1
1
1
1
1
1
1
1
1
1
1
1
1
1
1
1
1
1
1
1
1
1
1
1
1
1
1
1
1
1
1
1
1
1
1
1
1
1
1
1
1
1
1
1
1
1
1
1
1
1
1
1
1
1
1
1
1
1
1
1
1
1
1
1
1
1
1
1
1
1
1
1
1
1
1
1
1
1
1
1
1
1
1
1
1
1
1
1
1
1
1
1
1
1
1
1
1
1
1
1
1
1
1
1
1
1
1
1
1
1
1
1
1
1
1
1
1
1
1
1
1
1
1
1
1
1
1
1
1
1
1
1
1
1
1
1
1
1
1
1
1
1
1
1
1
1
1
1
1
1
1
1
1
1
1
1
1
1
1
1
1
1
1
1
1
1
1
1
1
1
1
1
1
1
1
1
1
1
1
1
1
1
1
1
1
1
1
1
1
1
1
1
1
1
1
1
1
1
1
1
1
1
1
1
1
1
1
1
1
1
1
1
1
1
1
1
1
1
1
1
1
1
1
1
1
1
1
1
1
1
1
1
1
1
1
1
1
1
1
1
1
1
1
1
1
1
1
1
1
1
1
1
1
1
1
1
1
1
1
1
1
1
1
1
1
1
1
1
1
1
1
1
1
1
1
1
1
1
1
1
1
1
1
1
1
1
1
1
1
1
1
1
1
1
1
1
1
1
1
1
1
1
1
1
1
1
1
1
1
1
1
1
1
1
1
1
1
1
1
1
1
1
1
1
1
1
1
1
1
1
1
1
1
1
1
1
1
1
1
1
1
1
1
1
1
1
1
1
1
1
1
1
1
1
1
1
1
1
1
1
1
1
1
1
1
1
1
1
1
1
1
1
1
1
1
1
1
1
1
1
1
1
1
1
1
1
1
1
1
1
1
1
1
1
1
1
1
1
1
1
1
1
1
1
1
1
1
1
1
1
1
1
1
1
1
1
1
1
1
1
1
1
1
1
1
1
1
1
1
1
1
1
1
1
1
1
1
1
1
1
1
1
1
1
1
1
1
1
1
1
1
1
1
1
1
1
1
1
1
1
1
1
1
1
1
1
1
1
1
1
1
1
1
1
1
1
1
1
1
1
1
1
1
1
1
1
1
1
1
1
1
1
1
1
1
1
1
1
1
1
1
1
1
1
1
1
1
1
1
1
1
1
1
1
1
1
1
1
1
1
1
1
1
1
1
1
1
1
1
1
1
1
1
1
1
1
1
1
1
1
1
1
1
1
1
1
1
1
1
1
1
1
1
1
1
1
1
1
1
1
1
1
1
1
1
1
1
1
1
1
1
1
1
1
1
1
1
1
1
1
1
1
1
1
1
1
1
1
1
1
1
1
1
1
1
1
1
1
1
1
1
1
1
1
1
1
1
1
1
1
1
1
1
1
1
1
1
1
1
1
1
1
1
1
1
1
1
1
1
1
1
1
1
1
1
1
1
1
1
1
1
1
1
1
1
1
1
1
1
1
1
1
1
1
1
1
1
1
1
1
1
1
1
1
1
1
1
1
1
1
1
1
1
1
1
1
1
1
1
1
1
1
1
1
1
1
1
1
1
1
1
1
1
1
1
1
1
1
1
1
1
1
1
1
1
1
1
1
1
1
1
1
1
1
1
1
1
1
1
1
1
1
1
1
1
1
1
1
1
1
1
1
1
1
1
1
1
1
1
1
1
1
1
1
1
1
1
1
1
1
1
1
1
1
1
1
1
1
1
1
1
1
1
1
1
1
1
1
1
1
1
1
1
1
1
1
1
1
1
1
1
1
1
1
1
1
1
1
1
1
1
1
1
1
1
1
1
1
1
1
1
1
1
1
1
1
1
1
1
1
1
1
1
1
1
1
1
1
1
1
1
1
1
1
1
1
1
1
1
1
1
1
1
1
1
1
1
1
1
1
1
1
1
1
1
1
1
1
1
1
1
1
1
1
1
1
1
1
1
1
1
1
1
1
1
1
1
1
1
1
1
1
1
1
1
1
1
1
1
1
1
1
1
1
1
1
1
1
1
1
1
1
1
1
1
1
1
1
1
1
1
1
1
1
1
1
1
1
1
1
1
1
1
1
1
1
1
1
1
1
1
1
1
1
1
1
1
1
1
1
1
1
1
1
1
1
1
1
1
1
1
1
1
1
1
1
1
1
1
1
1
1
1
1
1
1
1
1
1
1
1
1
1
1
1
1
1
1
1
1
1
1
1
1
1
1
1
1
1
1
1
1
1
1
1
1
1
1
1
1
1
1
1
1
1
1
1
1
1
1
1
1
1
1
1
1
1
1
1
1
1
1
1
1
1
1
1
1
1
1
1
1
1
1
1
1
1
1
1
1
1
1
1
1
1
1
1
1
1
1
1
1
1
1
1
1
1
1
1
1
1
1
1
1
1
1
1
1
1
1
1
1
1
1
1
1
1
1
1
1
1
1
1
1
1
1
1
1
1
1
1
1
1
1
1
1
1
1
1
1
1
1
1
1
1
1
1
1
1
1
1
1
1
1
1
1
1
1
1
1
1
1
1
1
1
1
1
1
1
1
1
1
1
1
1
1
1
1
1
1
1
1
1
1
1
1
1
1
1
1
1
1
1
1
1
1
1
1
1
1
1
1
1
1
1
1
1
1
1
1
1
1
1
1
1
1
1
1
1
1
1
1
1
1
1
1
1
1
1
1
1
1
1
1
1
1
1
1
1
1
1
1
1
1
1
1
1
1
1
1
1
1
1
1
1
1
1
1
1
1
1
1
1
1
1
1
1
1
1
1
1
1
1
1
1
1
1
1
1
1
1
1
1
1
1
1
1
1
1
1
1
1
1
1
1
1
1
1
1
1
1
1
1
1
1
1
1
1
1
1
1
1
1
1
1
1
1
1
1
1
1
1
1
1
1
1
1
1
1
1
1
1
1
1
1
1
1
1
1
1
1
1
1
1
1
1
1
1
1
1
1
1
1
1
1
1
1
1
1
1
1
1
1
1
1
1
1
1
1
1
1
1
1
1
1
1
1
1
1
1
1
1
1
1
1
1
1
1
1
1
1
1
1
1
1
1
1
1
1
1
1
1
1
1
1
1
1
1
1
1
1
1
1
1
1
1
1
1
1
1
1
1
1
1
1
1
1
1
1
1
1
1
1
1
1
1
1
1
1
1
1
1
1
1
1
1
1
1
1
1
1
1
1
1
1
1
1
1
1
1
1
1
1
1
1
1
1
1
1
1
1
1
1
1
1
1
1
1
1
1
1
1
1
1
1
1
1
1
1
1
1
1
1
1
1
1
1
1
1
1
1
1
1
1
1
1
1
1
1
1
1
1
1
1
1
1
1
1
1
1
1
1
1
1
1
1
1
1
1
1
1
1
1
1
1
1
1
1
1
1
1
1
1
1
1
1
1
1
1
1
1
1
1
1
1
1
1
1
1
1
1
1
1
1
1
1
1
1
1
1
1
1
1
1
1
1
1
1
1
1
1
1
1
1
1
1
1
1
1
1
1
1
1
1
1
1
1
1
1
1
1
1
1
1
1
1
1
1
1
1
1
1
1
1
1
1
1
1
1
1
1
1
1
1
1
1
1
1
1
1
1
1
1
1
1
1
1
1
1
1
1
1
1
1
1
1
1
1
1
1
1
1
1
1
1
1
1
1
1
1
1
1
1
1
1
1
1
1
1
1
1
1
1
1
1
1
1
1
1
1
1
1
1
1
1
1
1
1
1
1
1
1
1
1
1
1
1
1
1
1
1
1
1
1
1
1
1
1
1
1
1
1
1
1
1
1
1
1
1
1
1
1
1
1
1
1
1
1
1
1
1
1
1
1
1
1
1
1
1
1
1
1
1
1
1
1
1
1
1
1
1
1
1
1
1
1
1
1
1
1
1
1
1
1
1
1
1
1
1
1
1
1
1
1
1
1
1
1
1
1
1
1
1
1
1
1
1
1
1
1
1
1
1
1
1
1
1
1
1
1
1
1
1
1
1
1
1
1
1
1
1
1
1
1
1
1
1
1
1
1
1
1
1
1
1
1
1
1
1
1
1
1
1
1
1
1
1
1
1
1
1
1
1
1
1
1
1
1
1
1
1
1
1
1
1
1
1
1
1
1
1
1
1
1
1
1
1
1
1
1
1
1
1
1
1
1
1
1
1
1
1
1
1
1
1
1
1
1
1
1
1
1
1
1
1
1
1
1
1
1
1
1
1
1
1
1
1
1
1
1
1
1
1
1
1
1
1
1
1
1
1
1
1
1
1
1
1
1
1
1
1
1
1
1
1
1
1
1
1
1
1
1
1
1
1
1
1
1
1
1
1
1
1
1
1
1
1
1
1
1
1
1
1
1
1
1
1
1
1
1
1
1
1
1
1
1
1
1
1
1
1
1
1
1
1
1
1
1
1
1
1
1
1
1
1
1
1
1
1
1
1
1
1
1
1
1
1
1
1
1
1
1
1
1
1
1
1
1
1
1
1
1
1
1
1
1
1
1
1
1
1
1
1
1
1
1
1
1
1
1
1
1
1
1
1
1
1
1
1
1
1
1
1
1
1
1
1
1
1
1
1
1
1
1
1
1
1
1
1
1
1
1
1
1
1
1
1
1
1
1
1
1
1
1
1
1
1
1
1
1
1
1
1
1
1
1
1
1
1
1
1
1
1
1
1
1
1
1
1
1
1
1
1
1
1
1
1
1
1
1
1
1
1
1
1
1
1
1
1
1
1
1
1
1
1
1
1
1
1
1
1
1
1
